(0,0):(1.5,1.5)
(0,0):(1.5,8.5)
(0,0):(8.5,1.5)
(0,0):(8.5,8.5)
(0,0):(2.5,2.5)
(0,0):(2.5,7.5)
(0,0):(7.5,2.5)
(0,0):(7.5,7.5)
(0,0):(9.0,5.0)
(0,0):(1.0,5.0)
(-10,-15):(8.5,8.5)
(-9,-16):(8.5,8.5)
(-9,-16):(7.5,7.5)
(-9,-16):(9.0,5.0)
(-1,-19):(1.5,8.5)
(-1,-19):(8.5,8.5)
(-1,-19):(7.5,7.5)
(1,-19):(1.5,8.5)
(1,-19):(8.5,8.5)
(1,-19):(2.5,7.5)
(-9,-15):(1.5,8.5)
(-9,-15):(8.5,1.5)
(-9,-15):(8.5,8.5)
(-9,-15):(2.5,7.5)
(-9,-15):(7.5,2.5)
(-9,-15):(7.5,7.5)
(-9,-15):(9.0,5.0)
(-9,-15):(1.0,5.0)
(9,-16):(1.5,8.5)
(9,-16):(2.5,7.5)
(9,-16):(1.0,5.0)
(10,-15):(1.5,8.5)
(9,-15):(1.5,1.5)
(9,-15):(1.5,8.5)
(9,-15):(8.5,8.5)
(9,-15):(2.5,2.5)
(9,-15):(2.5,7.5)
(9,-15):(7.5,7.5)
(9,-15):(9.0,5.0)
(9,-15):(1.0,5.0)
(0,-4):(1.5,1.5)
(0,-4):(1.5,8.5)
(0,-4):(8.5,1.5)
(0,-4):(8.5,8.5)
(0,-4):(2.5,2.5)
(0,-4):(2.5,7.5)
(0,-4):(7.5,2.5)
(0,-4):(7.5,7.5)
(0,-4):(9.0,5.0)
(0,-4):(1.0,5.0)
(10,7):(1.5,1.5)
(9,7):(1.5,1.5)
(9,7):(1.5,8.5)
(9,7):(8.5,1.5)
(9,7):(2.5,2.5)
(9,7):(2.5,7.5)
(9,7):(7.5,2.5)
(9,7):(9.0,5.0)
(9,7):(1.0,5.0)
(-9,7):(1.5,1.5)
(-9,7):(8.5,1.5)
(-9,7):(8.5,8.5)
(-9,7):(2.5,2.5)
(-9,7):(7.5,2.5)
(-9,7):(7.5,7.5)
(-9,7):(9.0,5.0)
(-9,7):(1.0,5.0)
(-10,7):(8.5,1.5)
(-9,8):(8.5,1.5)
(-9,8):(7.5,2.5)
(-9,8):(9.0,5.0)
(9,8):(1.5,1.5)
(9,8):(2.5,2.5)
(9,8):(1.0,5.0)
(0,11):(1.5,1.5)
(0,11):(8.5,1.5)
(0,11):(2.5,2.5)
(0,11):(7.5,2.5)
