(-9,0):(-96.0,14.0)
(-9,0):(-91.0,18.0)
(-9,0):(-89.0,15.0)
(-1,-9):(5.0,-99.0)
(-2,-9):(-7.0,-99.0)
(-4,-8):(-36.0,-90.0)
(-4,-8):(-31.0,-86.0)
(-4,-8):(-29.0,-89.0)
(-5,-8):(-43.0,-86.0)
(-5,-8):(-41.0,-89.0)
(-6,-7):(-60.0,-77.0)
(-6,-7):(-55.0,-73.0)
(-6,-7):(-53.0,-76.0)
(-7,-7):(-67.0,-73.0)
(-7,-6):(-72.0,-64.0)
(-7,-6):(-67.0,-60.0)
(-7,-6):(-65.0,-63.0)
(-8,-6):(-79.0,-60.0)
(-8,-6):(-77.0,-63.0)
(-8,-5):(-84.0,-51.0)
(-8,-5):(-79.0,-47.0)
(-8,-5):(-77.0,-50.0)
(-9,-4):(-91.0,-34.0)
(-9,-4):(-89.0,-37.0)
(2,-8):(36.0,-90.0)
(2,-8):(41.0,-86.0)
(2,-8):(43.0,-89.0)
(-9,-3):(-96.0,-25.0)
(-9,-3):(-91.0,-21.0)
(-9,-3):(-89.0,-24.0)
(4,-7):(60.0,-77.0)
(4,-7):(65.0,-73.0)
(5,-6):(72.0,-64.0)
(5,-6):(77.0,-60.0)
(6,-5):(84.0,-51.0)
(6,-4):(84.0,-38.0)
(6,-4):(89.0,-34.0)
(6,-4):(91.0,-37.0)
(7,-2):(96.0,-12.0)
(7,-3):(96.0,-25.0)
(7,-1):(96.0,1.0)
(-9,1):(-96.0,27.0)
(-9,1):(-91.0,31.0)
(-9,1):(-89.0,28.0)
(-9,2):(-89.0,41.0)
(7,0):(96.0,14.0)
(7,1):(96.0,27.0)
(6,2):(84.0,40.0)
(6,2):(89.0,44.0)
(6,2):(91.0,41.0)
(-8,3):(-84.0,53.0)
(-8,3):(-79.0,57.0)
(-8,3):(-77.0,54.0)
(-7,4):(-72.0,66.0)
(-7,4):(-67.0,70.0)
(-7,4):(-65.0,67.0)
(6,3):(84.0,53.0)
(5,4):(72.0,66.0)
(4,5):(60.0,79.0)
(3,5):(48.0,79.0)
(3,5):(53.0,83.0)
(3,5):(55.0,80.0)
(-6,5):(-60.0,79.0)
(-6,5):(-55.0,83.0)
(-6,5):(-53.0,80.0)
(-4,6):(-36.0,92.0)
(-4,6):(-29.0,93.0)
(-3,6):(-24.0,92.0)
(-3,6):(-19.0,96.0)
(-3,6):(-17.0,93.0)
(0,6):(12.0,92.0)
(0,6):(17.0,96.0)
(0,6):(19.0,93.0)
(1,6):(24.0,92.0)
(1,6):(31.0,93.0)
(2,6):(36.0,92.0)
