(-2,0):(-55.0,-31.0)
(-2,0):(-71.0,-15.0)
(-2,0):(-55.0,-15.0)
(-2,0):(-63.0,-23.0)
(-1,-1):(-33.0,-61.0)
(-1,-1):(-49.0,-45.0)
(-1,-1):(-33.0,-45.0)
(-1,-1):(-41.0,-53.0)
(-2,-1):(-55.0,-45.0)
(0,-2):(-27.0,-68.0)
(0,-2):(-11.0,-68.0)
(1,-2):(-5.0,-68.0)
(1,-2):(11.0,-68.0)
(2,-2):(22.0,-68.0)
(3,-1):(44.0,-45.0)
(3,-1):(52.0,-53.0)
(4,0):(66.0,-31.0)
(4,0):(66.0,-15.0)
(4,1):(66.0,-8.0)
(4,1):(66.0,8.0)
(4,1):(74.0,0.0)
(-2,2):(-71.0,22.0)
(-2,2):(-55.0,22.0)
(-2,2):(-55.0,38.0)
(-2,2):(-63.0,30.0)
(-2,3):(-55.0,45.0)
(-1,3):(-49.0,45.0)
(-1,3):(-33.0,45.0)
(-1,3):(-33.0,61.0)
(-1,3):(-41.0,53.0)
(3,3):(44.0,45.0)
(3,3):(52.0,53.0)
(4,2):(66.0,22.0)
