(-4,0):(-115.0,5.0)
(-4,0):(-95.0,5.0)
(-4,0):(-115.0,25.0)
(-4,0):(-95.0,25.0)
(-4,-3):(-95.0,-65.0)
(-3,-4):(-65.0,-95.0)
(2,-4):(65.0,-95.0)
(1,-4):(35.0,-95.0)
(1,-4):(55.0,-95.0)
(0,-4):(5.0,-115.0)
(0,-4):(25.0,-115.0)
(0,-4):(5.0,-95.0)
(0,-4):(25.0,-95.0)
(-1,-4):(-25.0,-115.0)
(-1,-4):(-5.0,-115.0)
(-1,-4):(-25.0,-95.0)
(-1,-4):(-5.0,-95.0)
(-2,-4):(-55.0,-95.0)
(-2,-4):(-35.0,-95.0)
(-3,-3):(-65.0,-85.0)
(-3,-3):(-85.0,-65.0)
(-3,-3):(-65.0,-65.0)
(-4,-2):(-95.0,-55.0)
(-4,-2):(-95.0,-35.0)
(-4,-1):(-115.0,-25.0)
(-4,-1):(-95.0,-25.0)
(-4,-1):(-115.0,-5.0)
(-4,-1):(-95.0,-5.0)
(2,-3):(65.0,-85.0)
(2,-3):(65.0,-65.0)
(2,-3):(85.0,-65.0)
(3,-3):(95.0,-65.0)
(3,-2):(95.0,-55.0)
(3,-2):(95.0,-35.0)
(3,-1):(95.0,-25.0)
(3,-1):(115.0,-25.0)
(3,-1):(95.0,-5.0)
(3,-1):(115.0,-5.0)
(3,0):(95.0,5.0)
(3,0):(115.0,5.0)
(3,0):(95.0,25.0)
(3,0):(115.0,25.0)
(-4,1):(-95.0,35.0)
(-4,1):(-95.0,55.0)
(-4,2):(-95.0,65.0)
(-3,2):(-85.0,65.0)
(-3,2):(-65.0,65.0)
(-3,2):(-65.0,85.0)
(2,2):(65.0,65.0)
(2,2):(85.0,65.0)
(2,2):(65.0,85.0)
(3,1):(95.0,35.0)
(3,1):(95.0,55.0)
(3,2):(95.0,65.0)
(2,3):(65.0,95.0)
(1,3):(35.0,95.0)
(1,3):(55.0,95.0)
(0,3):(5.0,95.0)
(0,3):(25.0,95.0)
(0,3):(5.0,115.0)
(0,3):(25.0,115.0)
(-1,3):(-25.0,95.0)
(-1,3):(-5.0,95.0)
(-1,3):(-25.0,115.0)
(-1,3):(-5.0,115.0)
(-2,3):(-55.0,95.0)
(-2,3):(-35.0,95.0)
(-3,3):(-65.0,95.0)
