(0,0):(52.0,40.5)
(-1,0):(29.5,40.5)
(-2,0):(7.0,40.5)
(-3,0):(-18.5,40.5)
(-4,0):(-41.0,40.5)
(-5,0):(-63.5,40.5)
(-6,0):(-89.0,40.5)
(-7,0):(-111.5,40.5)
(-8,0):(-134.0,40.5)
(-9,0):(-159.5,40.5)
(-9,-1):(-159.5,12.0)
(-9,-2):(-159.5,-19.5)
(-9,-3):(-159.5,-48.0)
(-9,-4):(-159.5,-79.5)
(-8,-4):(-134.0,-79.5)
(-8,-5):(-134.0,-108.0)
(-7,-5):(-111.5,-108.0)
(-7,-6):(-111.5,-139.5)
(-6,-6):(-89.0,-139.5)
(-5,-6):(-63.5,-139.5)
(-5,-7):(-63.5,-168.0)
(-4,-7):(-41.0,-168.0)
(-3,-7):(-18.5,-168.0)
(-2,-7):(7.0,-168.0)
(-1,-7):(29.5,-168.0)
(-1,-6):(29.5,-139.5)
(-2,-6):(7.0,-139.5)
(-3,-6):(-18.5,-139.5)
(-4,-6):(-41.0,-139.5)
(-4,-5):(-41.0,-108.0)
(-5,-5):(-63.5,-108.0)
(-6,-5):(-89.0,-108.0)
(-6,-4):(-89.0,-79.5)
(-7,-4):(-111.5,-79.5)
(-7,-3):(-111.5,-48.0)
(-8,-3):(-134.0,-48.0)
(-8,-2):(-134.0,-19.5)
(-7,-2):(-111.5,-19.5)
(-6,-2):(-89.0,-19.5)
(-6,-3):(-89.0,-48.0)
(-5,-3):(-63.5,-48.0)
(-5,-4):(-63.5,-79.5)
(-4,-4):(-41.0,-79.5)
(-3,-4):(-18.5,-79.5)
(-3,-5):(-18.5,-108.0)
(-2,-5):(7.0,-108.0)
(-1,-5):(29.5,-108.0)
(0,-5):(52.0,-108.0)
(0,-6):(52.0,-139.5)
(1,-6):(77.5,-139.5)
(1,-5):(77.5,-108.0)
(2,-5):(100.0,-108.0)
(3,-5):(122.5,-108.0)
(3,-4):(122.5,-79.5)
(2,-4):(100.0,-79.5)
(1,-4):(77.5,-79.5)
(0,-4):(52.0,-79.5)
(-1,-4):(29.5,-79.5)
(-2,-4):(7.0,-79.5)
(-2,-3):(7.0,-48.0)
(-3,-3):(-18.5,-48.0)
(-4,-3):(-41.0,-48.0)
(-4,-2):(-41.0,-19.5)
(-5,-2):(-63.5,-19.5)
(-5,-1):(-63.5,12.0)
(-6,-1):(-89.0,12.0)
(-7,-1):(-111.5,12.0)
(-8,-1):(-134.0,12.0)
(-4,-1):(-41.0,12.0)
(-3,-1):(-18.5,12.0)
(-3,-2):(-18.5,-19.5)
(-2,-2):(7.0,-19.5)
(-1,-2):(29.5,-19.5)
(-1,-3):(29.5,-48.0)
(0,-3):(52.0,-48.0)
(1,-3):(77.5,-48.0)
(2,-3):(100.0,-48.0)
(3,-3):(122.5,-48.0)
(4,-3):(148.0,-48.0)
(4,-2):(148.0,-19.5)
(3,-2):(122.5,-19.5)
(2,-2):(100.0,-19.5)
(1,-2):(77.5,-19.5)
(0,-2):(52.0,-19.5)
(0,-1):(52.0,12.0)
(-1,-1):(29.5,12.0)
(-2,-1):(7.0,12.0)
(1,-1):(77.5,12.0)
(2,-1):(100.0,12.0)
(3,-1):(122.5,12.0)
(4,-1):(148.0,12.0)
(3,0):(122.5,40.5)
(2,0):(100.0,40.5)
(1,0):(77.5,40.5)
(1,1):(77.5,72.0)
(0,1):(52.0,72.0)
(-1,1):(29.5,72.0)
(-2,1):(7.0,72.0)
(-3,1):(-18.5,72.0)
(-4,1):(-41.0,72.0)
(-5,1):(-63.5,72.0)
(-6,1):(-89.0,72.0)
(-7,1):(-111.5,72.0)
(-8,1):(-134.0,72.0)
(-7,2):(-111.5,100.5)
(-6,2):(-89.0,100.5)
(-5,2):(-63.5,100.5)
(-4,2):(-41.0,100.5)
(-3,2):(-18.5,100.5)
(-2,2):(7.0,100.5)
(-1,2):(29.5,100.5)
(0,2):(52.0,100.5)
(1,2):(77.5,100.5)
(2,2):(100.0,100.5)
(2,1):(100.0,72.0)
(3,1):(122.5,72.0)
(0,3):(52.0,132.0)
(-1,3):(29.5,132.0)
(-2,3):(7.0,132.0)
(-3,3):(-18.5,132.0)
(-4,3):(-41.0,132.0)
(-5,3):(-63.5,132.0)
(-6,3):(-89.0,132.0)
