(0,0):(40.6,22.4)
(-1,0):(33.800000000000004,22.4)
(-2,0):(27.000000000000004,22.4)
(-3,0):(17.000000000000004,22.4)
(-4,0):(10.200000000000003,22.4)
(-5,0):(3.400000000000003,22.4)
(-6,0):(-3.399999999999997,22.4)
(-7,0):(-10.199999999999998,22.4)
(-8,0):(-16.999999999999996,22.4)
(-9,0):(-26.999999999999996,22.4)
(-10,0):(-33.8,22.4)
(-11,0):(-40.599999999999994,22.4)
(-12,0):(-47.39999999999999,22.4)
(-13,0):(-54.19999999999999,22.4)
(-14,0):(-60.999999999999986,22.4)
(-15,0):(-70.99999999999999,22.4)
(-16,0):(-77.79999999999998,22.4)
(-17,0):(-84.59999999999998,22.4)
(-18,0):(-91.39999999999998,22.4)
(-19,0):(-98.19999999999997,22.4)
(-20,0):(-104.99999999999997,22.4)
(-21,0):(-114.99999999999997,22.4)
(-22,0):(-121.79999999999997,22.4)
(-23,0):(-128.59999999999997,22.4)
(-24,0):(-135.39999999999998,22.4)
(-25,0):(-142.2,22.4)
(-26,0):(-149.0,22.4)
(-26,-1):(-149.0,16.2)
(-26,-2):(-149.0,10.0)
(-26,-3):(-149.0,-0.40000000000000036)
(-26,-4):(-149.0,-6.6000000000000005)
(-26,-5):(-149.0,-12.8)
(-26,-6):(-149.0,-19.0)
(-26,-7):(-149.0,-29.4)
(-26,-8):(-149.0,-35.6)
(-26,-9):(-149.0,-41.800000000000004)
(-25,-9):(-142.2,-41.800000000000004)
(-25,-10):(-142.2,-48.00000000000001)
(-25,-11):(-142.2,-58.400000000000006)
(-25,-12):(-142.2,-64.60000000000001)
(-24,-12):(-135.39999999999998,-64.60000000000001)
(-24,-13):(-135.39999999999998,-70.80000000000001)
(-24,-14):(-135.39999999999998,-77.00000000000001)
(-23,-14):(-128.59999999999997,-77.00000000000001)
(-23,-15):(-128.59999999999997,-87.40000000000002)
(-22,-15):(-121.79999999999997,-87.40000000000002)
(-22,-16):(-121.79999999999997,-93.60000000000002)
(-21,-16):(-114.99999999999997,-93.60000000000002)
(-21,-17):(-114.99999999999997,-99.80000000000003)
(-21,-18):(-114.99999999999997,-106.00000000000003)
(-20,-18):(-104.99999999999997,-106.00000000000003)
(-20,-19):(-104.99999999999997,-116.40000000000003)
(-19,-19):(-98.19999999999997,-116.40000000000003)
(-18,-19):(-91.39999999999998,-116.40000000000003)
(-18,-20):(-91.39999999999998,-122.60000000000004)
(-17,-20):(-84.59999999999998,-122.60000000000004)
(-17,-21):(-84.59999999999998,-128.80000000000004)
(-16,-21):(-77.79999999999998,-128.80000000000004)
(-16,-22):(-77.79999999999998,-135.00000000000003)
(-15,-22):(-70.99999999999999,-135.00000000000003)
(-14,-22):(-60.999999999999986,-135.00000000000003)
(-13,-22):(-54.19999999999999,-135.00000000000003)
(-13,-23):(-54.19999999999999,-145.40000000000003)
(-12,-23):(-47.39999999999999,-145.40000000000003)
(-11,-23):(-40.599999999999994,-145.40000000000003)
(-10,-23):(-33.8,-145.40000000000003)
(-10,-24):(-33.8,-151.60000000000002)
(-9,-24):(-26.999999999999996,-151.60000000000002)
(-8,-24):(-16.999999999999996,-151.60000000000002)
(-7,-24):(-10.199999999999996,-151.60000000000002)
(-6,-24):(-3.399999999999996,-151.60000000000002)
(-5,-24):(3.400000000000004,-151.60000000000002)
(-4,-24):(10.200000000000005,-151.60000000000002)
(-3,-24):(17.000000000000004,-151.60000000000002)
(-2,-24):(27.000000000000004,-151.60000000000002)
(-2,-23):(27.000000000000004,-145.40000000000003)
(-3,-23):(17.000000000000004,-145.40000000000003)
(-4,-23):(10.200000000000003,-145.40000000000003)
(-5,-23):(3.400000000000003,-145.40000000000003)
(-6,-23):(-3.399999999999997,-145.40000000000003)
(-7,-23):(-10.199999999999998,-145.40000000000003)
(-8,-23):(-16.999999999999996,-145.40000000000003)
(-9,-23):(-26.999999999999996,-145.40000000000003)
(-9,-22):(-26.999999999999996,-135.00000000000003)
(-10,-22):(-33.8,-135.00000000000003)
(-11,-22):(-40.599999999999994,-135.00000000000003)
(-12,-22):(-47.39999999999999,-135.00000000000003)
(-12,-21):(-47.39999999999999,-128.80000000000004)
(-13,-21):(-54.19999999999999,-128.80000000000004)
(-14,-21):(-60.999999999999986,-128.80000000000004)
(-15,-21):(-70.99999999999999,-128.80000000000004)
(-15,-20):(-70.99999999999999,-122.60000000000004)
(-16,-20):(-77.79999999999998,-122.60000000000004)
(-16,-19):(-77.79999999999998,-116.40000000000003)
(-17,-19):(-84.59999999999998,-116.40000000000003)
(-17,-18):(-84.59999999999998,-106.00000000000003)
(-18,-18):(-91.39999999999998,-106.00000000000003)
(-19,-18):(-98.19999999999997,-106.00000000000003)
(-19,-17):(-98.19999999999997,-99.80000000000003)
(-20,-17):(-104.99999999999997,-99.80000000000003)
(-20,-16):(-104.99999999999997,-93.60000000000002)
(-19,-16):(-98.19999999999997,-93.60000000000002)
(-18,-16):(-91.39999999999998,-93.60000000000002)
(-18,-17):(-91.39999999999998,-99.80000000000003)
(-17,-17):(-84.59999999999998,-99.80000000000003)
(-16,-17):(-77.79999999999998,-99.80000000000003)
(-16,-18):(-77.79999999999998,-106.00000000000003)
(-15,-18):(-70.99999999999999,-106.00000000000003)
(-15,-19):(-70.99999999999999,-116.40000000000003)
(-14,-19):(-60.999999999999986,-116.40000000000003)
(-14,-20):(-60.999999999999986,-122.60000000000004)
(-13,-20):(-54.19999999999999,-122.60000000000004)
(-12,-20):(-47.39999999999999,-122.60000000000004)
(-11,-20):(-40.599999999999994,-122.60000000000004)
(-11,-21):(-40.599999999999994,-128.80000000000004)
(-10,-21):(-33.8,-128.80000000000004)
(-9,-21):(-26.999999999999996,-128.80000000000004)
(-8,-21):(-16.999999999999996,-128.80000000000004)
(-8,-22):(-16.999999999999996,-135.00000000000003)
(-7,-22):(-10.199999999999996,-135.00000000000003)
(-6,-22):(-3.399999999999996,-135.00000000000003)
(-5,-22):(3.400000000000004,-135.00000000000003)
(-4,-22):(10.200000000000005,-135.00000000000003)
(-3,-22):(17.000000000000004,-135.00000000000003)
(-2,-22):(27.000000000000004,-135.00000000000003)
(-1,-22):(33.8,-135.00000000000003)
(-1,-23):(33.8,-145.40000000000003)
(0,-23):(40.599999999999994,-145.40000000000003)
(1,-23):(47.39999999999999,-145.40000000000003)
(1,-22):(47.39999999999999,-135.00000000000003)
(0,-22):(40.599999999999994,-135.00000000000003)
(0,-21):(40.599999999999994,-128.80000000000004)
(-1,-21):(33.8,-128.80000000000004)
(-2,-21):(26.999999999999996,-128.80000000000004)
(-3,-21):(16.999999999999996,-128.80000000000004)
(-4,-21):(10.199999999999996,-128.80000000000004)
(-5,-21):(3.399999999999996,-128.80000000000004)
(-6,-21):(-3.400000000000004,-128.80000000000004)
(-7,-21):(-10.200000000000005,-128.80000000000004)
(-7,-20):(-10.200000000000005,-122.60000000000004)
(-8,-20):(-17.000000000000004,-122.60000000000004)
(-9,-20):(-27.000000000000004,-122.60000000000004)
(-10,-20):(-33.8,-122.60000000000004)
(-10,-19):(-33.8,-116.40000000000003)
(-11,-19):(-40.599999999999994,-116.40000000000003)
(-12,-19):(-47.39999999999999,-116.40000000000003)
(-13,-19):(-54.19999999999999,-116.40000000000003)
(-13,-18):(-54.19999999999999,-106.00000000000003)
(-14,-18):(-60.999999999999986,-106.00000000000003)
(-14,-17):(-60.999999999999986,-99.80000000000003)
(-15,-17):(-70.99999999999999,-99.80000000000003)
(-15,-16):(-70.99999999999999,-93.60000000000002)
(-16,-16):(-77.79999999999998,-93.60000000000002)
(-17,-16):(-84.59999999999998,-93.60000000000002)
(-17,-15):(-84.59999999999998,-87.40000000000002)
(-18,-15):(-91.39999999999998,-87.40000000000002)
(-19,-15):(-98.19999999999997,-87.40000000000002)
(-20,-15):(-104.99999999999997,-87.40000000000002)
(-21,-15):(-114.99999999999997,-87.40000000000002)
(-21,-14):(-114.99999999999997,-77.00000000000001)
(-22,-14):(-121.79999999999997,-77.00000000000001)
(-22,-13):(-121.79999999999997,-70.80000000000001)
(-23,-13):(-128.59999999999997,-70.80000000000001)
(-23,-12):(-128.59999999999997,-64.60000000000001)
(-22,-12):(-121.79999999999997,-64.60000000000001)
(-21,-12):(-114.99999999999997,-64.60000000000001)
(-21,-13):(-114.99999999999997,-70.80000000000001)
(-20,-13):(-104.99999999999997,-70.80000000000001)
(-20,-14):(-104.99999999999997,-77.00000000000001)
(-19,-14):(-98.19999999999997,-77.00000000000001)
(-18,-14):(-91.39999999999998,-77.00000000000001)
(-17,-14):(-84.59999999999998,-77.00000000000001)
(-16,-14):(-77.79999999999998,-77.00000000000001)
(-16,-15):(-77.79999999999998,-87.40000000000002)
(-15,-15):(-70.99999999999999,-87.40000000000002)
(-14,-15):(-60.999999999999986,-87.40000000000002)
(-14,-16):(-60.999999999999986,-93.60000000000002)
(-13,-16):(-54.19999999999999,-93.60000000000002)
(-13,-17):(-54.19999999999999,-99.80000000000003)
(-12,-17):(-47.39999999999999,-99.80000000000003)
(-12,-18):(-47.39999999999999,-106.00000000000003)
(-11,-18):(-40.599999999999994,-106.00000000000003)
(-10,-18):(-33.8,-106.00000000000003)
(-9,-18):(-26.999999999999996,-106.00000000000003)
(-9,-19):(-26.999999999999996,-116.40000000000003)
(-8,-19):(-16.999999999999996,-116.40000000000003)
(-7,-19):(-10.199999999999996,-116.40000000000003)
(-6,-19):(-3.399999999999996,-116.40000000000003)
(-6,-20):(-3.399999999999996,-122.60000000000004)
(-5,-20):(3.400000000000004,-122.60000000000004)
(-4,-20):(10.200000000000005,-122.60000000000004)
(-3,-20):(17.000000000000004,-122.60000000000004)
(-2,-20):(27.000000000000004,-122.60000000000004)
(-1,-20):(33.8,-122.60000000000004)
(0,-20):(40.599999999999994,-122.60000000000004)
(1,-20):(47.39999999999999,-122.60000000000004)
(1,-21):(47.39999999999999,-128.80000000000004)
(2,-21):(54.19999999999999,-128.80000000000004)
(2,-22):(54.19999999999999,-135.00000000000003)
(3,-22):(60.999999999999986,-135.00000000000003)
(4,-22):(70.99999999999999,-135.00000000000003)
(4,-21):(70.99999999999999,-128.80000000000004)
(3,-21):(60.999999999999986,-128.80000000000004)
(3,-20):(60.999999999999986,-122.60000000000004)
(2,-20):(54.19999999999999,-122.60000000000004)
(2,-19):(54.19999999999999,-116.40000000000003)
(1,-19):(47.39999999999999,-116.40000000000003)
(0,-19):(40.599999999999994,-116.40000000000003)
(-1,-19):(33.8,-116.40000000000003)
(-2,-19):(26.999999999999996,-116.40000000000003)
(-3,-19):(16.999999999999996,-116.40000000000003)
(-4,-19):(10.199999999999996,-116.40000000000003)
(-5,-19):(3.399999999999996,-116.40000000000003)
(-5,-18):(3.399999999999996,-106.00000000000003)
(-6,-18):(-3.400000000000004,-106.00000000000003)
(-7,-18):(-10.200000000000005,-106.00000000000003)
(-8,-18):(-17.000000000000004,-106.00000000000003)
(-8,-17):(-17.000000000000004,-99.80000000000003)
(-9,-17):(-27.000000000000004,-99.80000000000003)
(-10,-17):(-33.8,-99.80000000000003)
(-11,-17):(-40.599999999999994,-99.80000000000003)
(-11,-16):(-40.599999999999994,-93.60000000000002)
(-12,-16):(-47.39999999999999,-93.60000000000002)
(-12,-15):(-47.39999999999999,-87.40000000000002)
(-13,-15):(-54.19999999999999,-87.40000000000002)
(-13,-14):(-54.19999999999999,-77.00000000000001)
(-14,-14):(-60.999999999999986,-77.00000000000001)
(-15,-14):(-70.99999999999999,-77.00000000000001)
(-15,-13):(-70.99999999999999,-70.80000000000001)
(-16,-13):(-77.79999999999998,-70.80000000000001)
(-17,-13):(-84.59999999999998,-70.80000000000001)
(-18,-13):(-91.39999999999998,-70.80000000000001)
(-19,-13):(-98.19999999999997,-70.80000000000001)
(-19,-12):(-98.19999999999997,-64.60000000000001)
(-20,-12):(-104.99999999999997,-64.60000000000001)
(-20,-11):(-104.99999999999997,-58.400000000000006)
(-21,-11):(-114.99999999999997,-58.400000000000006)
(-22,-11):(-121.79999999999997,-58.400000000000006)
(-23,-11):(-128.59999999999997,-58.400000000000006)
(-24,-11):(-135.39999999999998,-58.400000000000006)
(-24,-10):(-135.39999999999998,-48.00000000000001)
(-23,-10):(-128.59999999999997,-48.00000000000001)
(-22,-10):(-121.79999999999997,-48.00000000000001)
(-21,-10):(-114.99999999999997,-48.00000000000001)
(-20,-10):(-104.99999999999997,-48.00000000000001)
(-19,-10):(-98.19999999999997,-48.00000000000001)
(-19,-11):(-98.19999999999997,-58.400000000000006)
(-18,-11):(-91.39999999999998,-58.400000000000006)
(-18,-12):(-91.39999999999998,-64.60000000000001)
(-17,-12):(-84.59999999999998,-64.60000000000001)
(-16,-12):(-77.79999999999998,-64.60000000000001)
(-15,-12):(-70.99999999999999,-64.60000000000001)
(-14,-12):(-60.999999999999986,-64.60000000000001)
(-14,-13):(-60.999999999999986,-70.80000000000001)
(-13,-13):(-54.19999999999999,-70.80000000000001)
(-12,-13):(-47.39999999999999,-70.80000000000001)
(-12,-14):(-47.39999999999999,-77.00000000000001)
(-11,-14):(-40.599999999999994,-77.00000000000001)
(-11,-15):(-40.599999999999994,-87.40000000000002)
(-10,-15):(-33.8,-87.40000000000002)
(-10,-16):(-33.8,-93.60000000000002)
(-9,-16):(-26.999999999999996,-93.60000000000002)
(-8,-16):(-16.999999999999996,-93.60000000000002)
(-7,-16):(-10.199999999999996,-93.60000000000002)
(-7,-17):(-10.199999999999996,-99.80000000000003)
(-6,-17):(-3.399999999999996,-99.80000000000003)
(-5,-17):(3.400000000000004,-99.80000000000003)
(-4,-17):(10.200000000000005,-99.80000000000003)
(-4,-18):(10.200000000000005,-106.00000000000003)
(-3,-18):(17.000000000000004,-106.00000000000003)
(-2,-18):(27.000000000000004,-106.00000000000003)
(-1,-18):(33.8,-106.00000000000003)
(0,-18):(40.599999999999994,-106.00000000000003)
(1,-18):(47.39999999999999,-106.00000000000003)
(2,-18):(54.19999999999999,-106.00000000000003)
(3,-18):(60.999999999999986,-106.00000000000003)
(3,-19):(60.999999999999986,-116.40000000000003)
(4,-19):(70.99999999999999,-116.40000000000003)
(4,-20):(70.99999999999999,-122.60000000000004)
(5,-20):(77.79999999999998,-122.60000000000004)
(5,-21):(77.79999999999998,-128.80000000000004)
(6,-21):(84.59999999999998,-128.80000000000004)
(6,-20):(84.59999999999998,-122.60000000000004)
(7,-20):(91.39999999999998,-122.60000000000004)
(7,-19):(91.39999999999998,-116.40000000000003)
(6,-19):(84.59999999999998,-116.40000000000003)
(5,-19):(77.79999999999998,-116.40000000000003)
(5,-18):(77.79999999999998,-106.00000000000003)
(4,-18):(70.99999999999999,-106.00000000000003)
(4,-17):(70.99999999999999,-99.80000000000003)
(3,-17):(60.999999999999986,-99.80000000000003)
(2,-17):(54.19999999999999,-99.80000000000003)
(1,-17):(47.39999999999999,-99.80000000000003)
(0,-17):(40.599999999999994,-99.80000000000003)
(-1,-17):(33.8,-99.80000000000003)
(-2,-17):(26.999999999999996,-99.80000000000003)
(-3,-17):(16.999999999999996,-99.80000000000003)
(-3,-16):(16.999999999999996,-93.60000000000002)
(-4,-16):(10.199999999999996,-93.60000000000002)
(-5,-16):(3.399999999999996,-93.60000000000002)
(-6,-16):(-3.400000000000004,-93.60000000000002)
(-6,-15):(-3.400000000000004,-87.40000000000002)
(-7,-15):(-10.200000000000005,-87.40000000000002)
(-8,-15):(-17.000000000000004,-87.40000000000002)
(-9,-15):(-27.000000000000004,-87.40000000000002)
(-9,-14):(-27.000000000000004,-77.00000000000001)
(-10,-14):(-33.8,-77.00000000000001)
(-10,-13):(-33.8,-70.80000000000001)
(-11,-13):(-40.599999999999994,-70.80000000000001)
(-11,-12):(-40.599999999999994,-64.60000000000001)
(-12,-12):(-47.39999999999999,-64.60000000000001)
(-13,-12):(-54.19999999999999,-64.60000000000001)
(-13,-11):(-54.19999999999999,-58.400000000000006)
(-14,-11):(-60.999999999999986,-58.400000000000006)
(-15,-11):(-70.99999999999999,-58.400000000000006)
(-16,-11):(-77.79999999999998,-58.400000000000006)
(-17,-11):(-84.59999999999998,-58.400000000000006)
(-17,-10):(-84.59999999999998,-48.00000000000001)
(-18,-10):(-91.39999999999998,-48.00000000000001)
(-18,-9):(-91.39999999999998,-41.800000000000004)
(-19,-9):(-98.19999999999997,-41.800000000000004)
(-20,-9):(-104.99999999999997,-41.800000000000004)
(-21,-9):(-114.99999999999997,-41.800000000000004)
(-22,-9):(-121.79999999999997,-41.800000000000004)
(-23,-9):(-128.59999999999997,-41.800000000000004)
(-24,-9):(-135.39999999999998,-41.800000000000004)
(-24,-8):(-135.39999999999998,-35.6)
(-25,-8):(-142.2,-35.6)
(-25,-7):(-142.2,-29.400000000000002)
(-24,-7):(-135.39999999999998,-29.400000000000002)
(-23,-7):(-128.59999999999997,-29.400000000000002)
(-23,-8):(-128.59999999999997,-35.60000000000001)
(-22,-8):(-121.79999999999997,-35.60000000000001)
(-21,-8):(-114.99999999999997,-35.60000000000001)
(-20,-8):(-104.99999999999997,-35.60000000000001)
(-19,-8):(-98.19999999999997,-35.60000000000001)
(-18,-8):(-91.39999999999998,-35.60000000000001)
(-17,-8):(-84.59999999999998,-35.60000000000001)
(-17,-9):(-84.59999999999998,-41.80000000000001)
(-16,-9):(-77.79999999999998,-41.80000000000001)
(-16,-10):(-77.79999999999998,-48.000000000000014)
(-15,-10):(-70.99999999999999,-48.000000000000014)
(-14,-10):(-60.999999999999986,-48.000000000000014)
(-13,-10):(-54.19999999999999,-48.000000000000014)
(-12,-10):(-47.39999999999999,-48.000000000000014)
(-12,-11):(-47.39999999999999,-58.40000000000001)
(-11,-11):(-40.599999999999994,-58.40000000000001)
(-10,-11):(-33.8,-58.40000000000001)
(-10,-12):(-33.8,-64.60000000000001)
(-9,-12):(-26.999999999999996,-64.60000000000001)
(-9,-13):(-26.999999999999996,-70.80000000000001)
(-8,-13):(-16.999999999999996,-70.80000000000001)
(-8,-14):(-16.999999999999996,-77.00000000000001)
(-7,-14):(-10.199999999999996,-77.00000000000001)
(-6,-14):(-3.399999999999996,-77.00000000000001)
(-5,-14):(3.400000000000004,-77.00000000000001)
(-5,-15):(3.400000000000004,-87.40000000000002)
(-4,-15):(10.200000000000005,-87.40000000000002)
(-3,-15):(17.000000000000004,-87.40000000000002)
(-2,-15):(27.000000000000004,-87.40000000000002)
(-2,-16):(27.000000000000004,-93.60000000000002)
(-1,-16):(33.8,-93.60000000000002)
(0,-16):(40.599999999999994,-93.60000000000002)
(1,-16):(47.39999999999999,-93.60000000000002)
(2,-16):(54.19999999999999,-93.60000000000002)
(3,-16):(60.999999999999986,-93.60000000000002)
(4,-16):(70.99999999999999,-93.60000000000002)
(5,-16):(77.79999999999998,-93.60000000000002)
(5,-17):(77.79999999999998,-99.80000000000003)
(6,-17):(84.59999999999998,-99.80000000000003)
(6,-18):(84.59999999999998,-106.00000000000003)
(7,-18):(91.39999999999998,-106.00000000000003)
(8,-18):(98.19999999999997,-106.00000000000003)
(8,-19):(98.19999999999997,-116.40000000000003)
(9,-18):(104.99999999999997,-106.00000000000003)
(9,-17):(104.99999999999997,-99.80000000000003)
(8,-17):(98.19999999999997,-99.80000000000003)
(7,-17):(91.39999999999998,-99.80000000000003)
(7,-16):(91.39999999999998,-93.60000000000002)
(6,-16):(84.59999999999998,-93.60000000000002)
(6,-15):(84.59999999999998,-87.40000000000002)
(5,-15):(77.79999999999998,-87.40000000000002)
(4,-15):(70.99999999999999,-87.40000000000002)
(3,-15):(60.999999999999986,-87.40000000000002)
(2,-15):(54.19999999999999,-87.40000000000002)
(1,-15):(47.39999999999999,-87.40000000000002)
(0,-15):(40.599999999999994,-87.40000000000002)
(-1,-15):(33.8,-87.40000000000002)
(-1,-14):(33.8,-77.00000000000001)
(-2,-14):(26.999999999999996,-77.00000000000001)
(-3,-14):(16.999999999999996,-77.00000000000001)
(-4,-14):(10.199999999999996,-77.00000000000001)
(-4,-13):(10.199999999999996,-70.80000000000001)
(-5,-13):(3.399999999999996,-70.80000000000001)
(-6,-13):(-3.400000000000004,-70.80000000000001)
(-7,-13):(-10.200000000000005,-70.80000000000001)
(-7,-12):(-10.200000000000005,-64.60000000000001)
(-8,-12):(-17.000000000000004,-64.60000000000001)
(-8,-11):(-17.000000000000004,-58.400000000000006)
(-9,-11):(-27.000000000000004,-58.400000000000006)
(-9,-10):(-27.000000000000004,-48.00000000000001)
(-10,-10):(-33.8,-48.00000000000001)
(-11,-10):(-40.599999999999994,-48.00000000000001)
(-11,-9):(-40.599999999999994,-41.800000000000004)
(-12,-9):(-47.39999999999999,-41.800000000000004)
(-13,-9):(-54.19999999999999,-41.800000000000004)
(-14,-9):(-60.999999999999986,-41.800000000000004)
(-15,-9):(-70.99999999999999,-41.800000000000004)
(-15,-8):(-70.99999999999999,-35.6)
(-16,-8):(-77.79999999999998,-35.6)
(-16,-7):(-77.79999999999998,-29.400000000000002)
(-17,-7):(-84.59999999999998,-29.400000000000002)
(-18,-7):(-91.39999999999998,-29.400000000000002)
(-19,-7):(-98.19999999999997,-29.400000000000002)
(-20,-7):(-104.99999999999997,-29.400000000000002)
(-21,-7):(-114.99999999999997,-29.400000000000002)
(-22,-7):(-121.79999999999997,-29.400000000000002)
(-22,-6):(-121.79999999999997,-19.0)
(-23,-6):(-128.59999999999997,-19.0)
(-24,-6):(-135.39999999999998,-19.0)
(-25,-6):(-142.2,-19.0)
(-25,-5):(-142.2,-12.8)
(-24,-5):(-135.39999999999998,-12.8)
(-23,-5):(-128.59999999999997,-12.8)
(-22,-5):(-121.79999999999997,-12.8)
(-21,-5):(-114.99999999999997,-12.8)
(-21,-6):(-114.99999999999997,-19.0)
(-20,-6):(-104.99999999999997,-19.0)
(-19,-6):(-98.19999999999997,-19.0)
(-18,-6):(-91.39999999999998,-19.0)
(-17,-6):(-84.59999999999998,-19.0)
(-16,-6):(-77.79999999999998,-19.0)
(-15,-6):(-70.99999999999999,-19.0)
(-15,-7):(-70.99999999999999,-29.4)
(-14,-7):(-60.999999999999986,-29.4)
(-14,-8):(-60.999999999999986,-35.6)
(-13,-8):(-54.19999999999999,-35.6)
(-12,-8):(-47.39999999999999,-35.6)
(-11,-8):(-40.599999999999994,-35.6)
(-10,-8):(-33.8,-35.6)
(-10,-9):(-33.8,-41.800000000000004)
(-9,-9):(-26.999999999999996,-41.800000000000004)
(-8,-9):(-16.999999999999996,-41.800000000000004)
(-8,-10):(-16.999999999999996,-48.00000000000001)
(-7,-10):(-10.199999999999996,-48.00000000000001)
(-7,-11):(-10.199999999999996,-58.400000000000006)
(-6,-11):(-3.399999999999996,-58.400000000000006)
(-6,-12):(-3.399999999999996,-64.60000000000001)
(-5,-12):(3.400000000000004,-64.60000000000001)
(-4,-12):(10.200000000000005,-64.60000000000001)
(-3,-12):(17.000000000000004,-64.60000000000001)
(-3,-13):(17.000000000000004,-70.80000000000001)
(-2,-13):(27.000000000000004,-70.80000000000001)
(-1,-13):(33.8,-70.80000000000001)
(0,-13):(40.599999999999994,-70.80000000000001)
(0,-14):(40.599999999999994,-77.00000000000001)
(1,-14):(47.39999999999999,-77.00000000000001)
(2,-14):(54.19999999999999,-77.00000000000001)
(3,-14):(60.999999999999986,-77.00000000000001)
(4,-14):(70.99999999999999,-77.00000000000001)
(5,-14):(77.79999999999998,-77.00000000000001)
(6,-14):(84.59999999999998,-77.00000000000001)
(7,-14):(91.39999999999998,-77.00000000000001)
(7,-15):(91.39999999999998,-87.40000000000002)
(8,-15):(98.19999999999997,-87.40000000000002)
(8,-16):(98.19999999999997,-93.60000000000002)
(9,-16):(104.99999999999997,-93.60000000000002)
(10,-16):(114.99999999999997,-93.60000000000002)
(10,-17):(114.99999999999997,-99.80000000000003)
(10,-15):(114.99999999999997,-87.40000000000002)
(9,-15):(104.99999999999997,-87.40000000000002)
(9,-14):(104.99999999999997,-77.00000000000001)
(8,-14):(98.19999999999997,-77.00000000000001)
(8,-13):(98.19999999999997,-70.80000000000001)
(7,-13):(91.39999999999998,-70.80000000000001)
(6,-13):(84.59999999999998,-70.80000000000001)
(5,-13):(77.79999999999998,-70.80000000000001)
(4,-13):(70.99999999999999,-70.80000000000001)
(3,-13):(60.999999999999986,-70.80000000000001)
(2,-13):(54.19999999999999,-70.80000000000001)
(1,-13):(47.39999999999999,-70.80000000000001)
(1,-12):(47.39999999999999,-64.60000000000001)
(0,-12):(40.599999999999994,-64.60000000000001)
(-1,-12):(33.8,-64.60000000000001)
(-2,-12):(26.999999999999996,-64.60000000000001)
(-2,-11):(26.999999999999996,-58.400000000000006)
(-3,-11):(16.999999999999996,-58.400000000000006)
(-4,-11):(10.199999999999996,-58.400000000000006)
(-5,-11):(3.399999999999996,-58.400000000000006)
(-5,-10):(3.399999999999996,-48.00000000000001)
(-6,-10):(-3.400000000000004,-48.00000000000001)
(-6,-9):(-3.400000000000004,-41.800000000000004)
(-7,-9):(-10.200000000000005,-41.800000000000004)
(-7,-8):(-10.200000000000005,-35.6)
(-8,-8):(-17.000000000000004,-35.6)
(-9,-8):(-27.000000000000004,-35.6)
(-9,-7):(-27.000000000000004,-29.400000000000002)
(-10,-7):(-33.8,-29.400000000000002)
(-11,-7):(-40.599999999999994,-29.400000000000002)
(-12,-7):(-47.39999999999999,-29.400000000000002)
(-13,-7):(-54.19999999999999,-29.400000000000002)
(-13,-6):(-54.19999999999999,-19.0)
(-14,-6):(-60.999999999999986,-19.0)
(-14,-5):(-60.999999999999986,-12.8)
(-15,-5):(-70.99999999999999,-12.8)
(-16,-5):(-77.79999999999998,-12.8)
(-17,-5):(-84.59999999999998,-12.8)
(-18,-5):(-91.39999999999998,-12.8)
(-19,-5):(-98.19999999999997,-12.8)
(-20,-5):(-104.99999999999997,-12.8)
(-20,-4):(-104.99999999999997,-6.6000000000000005)
(-21,-4):(-114.99999999999997,-6.6000000000000005)
(-22,-4):(-121.79999999999997,-6.6000000000000005)
(-23,-4):(-128.59999999999997,-6.6000000000000005)
(-24,-4):(-135.39999999999998,-6.6000000000000005)
(-25,-4):(-142.2,-6.6000000000000005)
(-25,-3):(-142.2,-0.4000000000000006)
(-24,-3):(-135.39999999999998,-0.4000000000000006)
(-23,-3):(-128.59999999999997,-0.4000000000000006)
(-22,-3):(-121.79999999999997,-0.4000000000000006)
(-21,-3):(-114.99999999999997,-0.4000000000000006)
(-20,-3):(-104.99999999999997,-0.4000000000000006)
(-19,-3):(-98.19999999999997,-0.4000000000000006)
(-19,-4):(-98.19999999999997,-6.6000000000000005)
(-18,-4):(-91.39999999999998,-6.6000000000000005)
(-17,-4):(-84.59999999999998,-6.6000000000000005)
(-16,-4):(-77.79999999999998,-6.6000000000000005)
(-15,-4):(-70.99999999999999,-6.6000000000000005)
(-14,-4):(-60.999999999999986,-6.6000000000000005)
(-13,-4):(-54.19999999999999,-6.6000000000000005)
(-13,-5):(-54.19999999999999,-12.8)
(-12,-5):(-47.39999999999999,-12.8)
(-12,-6):(-47.39999999999999,-19.0)
(-11,-6):(-40.599999999999994,-19.0)
(-10,-6):(-33.8,-19.0)
(-9,-6):(-26.999999999999996,-19.0)
(-8,-6):(-16.999999999999996,-19.0)
(-8,-7):(-16.999999999999996,-29.4)
(-7,-7):(-10.199999999999996,-29.4)
(-6,-7):(-3.399999999999996,-29.4)
(-6,-8):(-3.399999999999996,-35.6)
(-5,-8):(3.400000000000004,-35.6)
(-5,-9):(3.400000000000004,-41.800000000000004)
(-4,-9):(10.200000000000005,-41.800000000000004)
(-4,-10):(10.200000000000005,-48.00000000000001)
(-3,-10):(17.000000000000004,-48.00000000000001)
(-2,-10):(27.000000000000004,-48.00000000000001)
(-1,-10):(33.8,-48.00000000000001)
(-1,-11):(33.8,-58.400000000000006)
(0,-11):(40.599999999999994,-58.400000000000006)
(1,-11):(47.39999999999999,-58.400000000000006)
(2,-11):(54.19999999999999,-58.400000000000006)
(2,-12):(54.19999999999999,-64.60000000000001)
(3,-12):(60.999999999999986,-64.60000000000001)
(4,-12):(70.99999999999999,-64.60000000000001)
(5,-12):(77.79999999999998,-64.60000000000001)
(6,-12):(84.59999999999998,-64.60000000000001)
(7,-12):(91.39999999999998,-64.60000000000001)
(8,-12):(98.19999999999997,-64.60000000000001)
(9,-12):(104.99999999999997,-64.60000000000001)
(9,-13):(104.99999999999997,-70.80000000000001)
(10,-13):(114.99999999999997,-70.80000000000001)
(10,-14):(114.99999999999997,-77.00000000000001)
(11,-14):(121.79999999999997,-77.00000000000001)
(11,-15):(121.79999999999997,-87.40000000000002)
(12,-14):(128.59999999999997,-77.00000000000001)
(12,-13):(128.59999999999997,-70.80000000000001)
(11,-13):(121.79999999999997,-70.80000000000001)
(11,-12):(121.79999999999997,-64.60000000000001)
(10,-12):(114.99999999999997,-64.60000000000001)
(10,-11):(114.99999999999997,-58.400000000000006)
(9,-11):(104.99999999999997,-58.400000000000006)
(8,-11):(98.19999999999997,-58.400000000000006)
(7,-11):(91.39999999999998,-58.400000000000006)
(6,-11):(84.59999999999998,-58.400000000000006)
(5,-11):(77.79999999999998,-58.400000000000006)
(4,-11):(70.99999999999999,-58.400000000000006)
(3,-11):(60.999999999999986,-58.400000000000006)
(3,-10):(60.999999999999986,-48.00000000000001)
(2,-10):(54.19999999999999,-48.00000000000001)
(1,-10):(47.39999999999999,-48.00000000000001)
(0,-10):(40.599999999999994,-48.00000000000001)
(0,-9):(40.599999999999994,-41.800000000000004)
(-1,-9):(33.8,-41.800000000000004)
(-2,-9):(26.999999999999996,-41.800000000000004)
(-3,-9):(16.999999999999996,-41.800000000000004)
(-3,-8):(16.999999999999996,-35.6)
(-4,-8):(10.199999999999996,-35.6)
(-4,-7):(10.199999999999996,-29.400000000000002)
(-5,-7):(3.399999999999996,-29.400000000000002)
(-5,-6):(3.399999999999996,-19.0)
(-6,-6):(-3.400000000000004,-19.0)
(-7,-6):(-10.200000000000005,-19.0)
(-7,-5):(-10.200000000000005,-12.8)
(-8,-5):(-17.000000000000004,-12.8)
(-9,-5):(-27.000000000000004,-12.8)
(-10,-5):(-33.8,-12.8)
(-11,-5):(-40.599999999999994,-12.8)
(-11,-4):(-40.599999999999994,-6.6000000000000005)
(-12,-4):(-47.39999999999999,-6.6000000000000005)
(-12,-3):(-47.39999999999999,-0.4000000000000006)
(-13,-3):(-54.19999999999999,-0.4000000000000006)
(-14,-3):(-60.999999999999986,-0.4000000000000006)
(-15,-3):(-70.99999999999999,-0.4000000000000006)
(-16,-3):(-77.79999999999998,-0.4000000000000006)
(-17,-3):(-84.59999999999998,-0.4000000000000006)
(-18,-3):(-91.39999999999998,-0.4000000000000006)
(-18,-2):(-91.39999999999998,10.0)
(-19,-2):(-98.19999999999997,10.0)
(-20,-2):(-104.99999999999997,10.0)
(-21,-2):(-114.99999999999997,10.0)
(-22,-2):(-121.79999999999997,10.0)
(-23,-2):(-128.59999999999997,10.0)
(-24,-2):(-135.39999999999998,10.0)
(-25,-2):(-142.2,10.0)
(-25,-1):(-142.2,16.2)
(-24,-1):(-135.39999999999998,16.2)
(-23,-1):(-128.59999999999997,16.2)
(-22,-1):(-121.79999999999997,16.2)
(-21,-1):(-114.99999999999997,16.2)
(-20,-1):(-104.99999999999997,16.2)
(-19,-1):(-98.19999999999997,16.2)
(-18,-1):(-91.39999999999998,16.2)
(-17,-1):(-84.59999999999998,16.2)
(-17,-2):(-84.59999999999998,10.0)
(-16,-2):(-77.79999999999998,10.0)
(-15,-2):(-70.99999999999999,10.0)
(-14,-2):(-60.999999999999986,10.0)
(-13,-2):(-54.19999999999999,10.0)
(-12,-2):(-47.39999999999999,10.0)
(-11,-2):(-40.599999999999994,10.0)
(-11,-3):(-40.599999999999994,-0.40000000000000036)
(-10,-3):(-33.8,-0.40000000000000036)
(-10,-4):(-33.8,-6.6000000000000005)
(-9,-4):(-26.999999999999996,-6.6000000000000005)
(-8,-4):(-16.999999999999996,-6.6000000000000005)
(-7,-4):(-10.199999999999996,-6.6000000000000005)
(-6,-4):(-3.399999999999996,-6.6000000000000005)
(-6,-5):(-3.399999999999996,-12.8)
(-5,-5):(3.400000000000004,-12.8)
(-4,-5):(10.200000000000005,-12.8)
(-4,-6):(10.200000000000005,-19.0)
(-3,-6):(17.000000000000004,-19.0)
(-3,-7):(17.000000000000004,-29.4)
(-2,-7):(27.000000000000004,-29.4)
(-2,-8):(27.000000000000004,-35.6)
(-1,-8):(33.8,-35.6)
(0,-8):(40.599999999999994,-35.6)
(1,-8):(47.39999999999999,-35.6)
(1,-9):(47.39999999999999,-41.800000000000004)
(2,-9):(54.19999999999999,-41.800000000000004)
(3,-9):(60.999999999999986,-41.800000000000004)
(4,-9):(70.99999999999999,-41.800000000000004)
(4,-10):(70.99999999999999,-48.00000000000001)
(5,-10):(77.79999999999998,-48.00000000000001)
(6,-10):(84.59999999999998,-48.00000000000001)
(7,-10):(91.39999999999998,-48.00000000000001)
(8,-10):(98.19999999999997,-48.00000000000001)
(9,-10):(104.99999999999997,-48.00000000000001)
(10,-10):(114.99999999999997,-48.00000000000001)
(11,-10):(121.79999999999997,-48.00000000000001)
(11,-11):(121.79999999999997,-58.400000000000006)
(12,-11):(128.59999999999997,-58.400000000000006)
(12,-12):(128.59999999999997,-64.60000000000001)
(13,-12):(135.39999999999998,-64.60000000000001)
(13,-11):(135.39999999999998,-58.400000000000006)
(13,-10):(135.39999999999998,-48.00000000000001)
(12,-10):(128.59999999999997,-48.00000000000001)
(12,-9):(128.59999999999997,-41.800000000000004)
(11,-9):(121.79999999999997,-41.800000000000004)
(10,-9):(114.99999999999997,-41.800000000000004)
(9,-9):(104.99999999999997,-41.800000000000004)
(8,-9):(98.19999999999997,-41.800000000000004)
(7,-9):(91.39999999999998,-41.800000000000004)
(6,-9):(84.59999999999998,-41.800000000000004)
(5,-9):(77.79999999999998,-41.800000000000004)
(5,-8):(77.79999999999998,-35.6)
(4,-8):(70.99999999999999,-35.6)
(3,-8):(60.999999999999986,-35.6)
(2,-8):(54.19999999999999,-35.6)
(2,-7):(54.19999999999999,-29.400000000000002)
(1,-7):(47.39999999999999,-29.400000000000002)
(0,-7):(40.599999999999994,-29.400000000000002)
(-1,-7):(33.8,-29.400000000000002)
(-1,-6):(33.8,-19.0)
(-2,-6):(26.999999999999996,-19.0)
(-2,-5):(26.999999999999996,-12.8)
(-3,-5):(16.999999999999996,-12.8)
(-3,-4):(16.999999999999996,-6.6000000000000005)
(-4,-4):(10.199999999999996,-6.6000000000000005)
(-5,-4):(3.399999999999996,-6.6000000000000005)
(-5,-3):(3.399999999999996,-0.4000000000000006)
(-6,-3):(-3.400000000000004,-0.4000000000000006)
(-7,-3):(-10.200000000000005,-0.4000000000000006)
(-8,-3):(-17.000000000000004,-0.4000000000000006)
(-9,-3):(-27.000000000000004,-0.4000000000000006)
(-9,-2):(-27.000000000000004,10.0)
(-10,-2):(-33.8,10.0)
(-10,-1):(-33.8,16.2)
(-11,-1):(-40.599999999999994,16.2)
(-12,-1):(-47.39999999999999,16.2)
(-13,-1):(-54.19999999999999,16.2)
(-14,-1):(-60.999999999999986,16.2)
(-15,-1):(-70.99999999999999,16.2)
(-16,-1):(-77.79999999999998,16.2)
(-9,-1):(-26.999999999999996,16.2)
(-8,-1):(-16.999999999999996,16.2)
(-8,-2):(-16.999999999999996,10.0)
(-7,-2):(-10.199999999999996,10.0)
(-6,-2):(-3.399999999999996,10.0)
(-5,-2):(3.400000000000004,10.0)
(-4,-2):(10.200000000000005,10.0)
(-4,-3):(10.200000000000005,-0.40000000000000036)
(-3,-3):(17.000000000000004,-0.40000000000000036)
(-2,-3):(27.000000000000004,-0.40000000000000036)
(-2,-4):(27.000000000000004,-6.6000000000000005)
(-1,-4):(33.8,-6.6000000000000005)
(-1,-5):(33.8,-12.8)
(0,-5):(40.599999999999994,-12.8)
(0,-6):(40.599999999999994,-19.0)
(1,-6):(47.39999999999999,-19.0)
(2,-6):(54.19999999999999,-19.0)
(3,-6):(60.999999999999986,-19.0)
(3,-7):(60.999999999999986,-29.4)
(4,-7):(70.99999999999999,-29.4)
(5,-7):(77.79999999999998,-29.4)
(6,-7):(84.59999999999998,-29.4)
(6,-8):(84.59999999999998,-35.6)
(7,-8):(91.39999999999998,-35.6)
(8,-8):(98.19999999999997,-35.6)
(9,-8):(104.99999999999997,-35.6)
(10,-8):(114.99999999999997,-35.6)
(11,-8):(121.79999999999997,-35.6)
(12,-8):(128.59999999999997,-35.6)
(13,-8):(135.39999999999998,-35.6)
(13,-9):(135.39999999999998,-41.800000000000004)
(14,-9):(142.2,-41.800000000000004)
(14,-10):(142.2,-48.00000000000001)
(14,-8):(142.2,-35.6)
(14,-7):(142.2,-29.400000000000002)
(13,-7):(135.39999999999998,-29.400000000000002)
(12,-7):(128.59999999999997,-29.400000000000002)
(11,-7):(121.79999999999997,-29.400000000000002)
(10,-7):(114.99999999999997,-29.400000000000002)
(9,-7):(104.99999999999997,-29.400000000000002)
(8,-7):(98.19999999999997,-29.400000000000002)
(7,-7):(91.39999999999998,-29.400000000000002)
(7,-6):(91.39999999999998,-19.0)
(6,-6):(84.59999999999998,-19.0)
(5,-6):(77.79999999999998,-19.0)
(4,-6):(70.99999999999999,-19.0)
(4,-5):(70.99999999999999,-12.8)
(3,-5):(60.999999999999986,-12.8)
(2,-5):(54.19999999999999,-12.8)
(1,-5):(47.39999999999999,-12.8)
(1,-4):(47.39999999999999,-6.6000000000000005)
(0,-4):(40.599999999999994,-6.6000000000000005)
(0,-3):(40.599999999999994,-0.4000000000000006)
(-1,-3):(33.8,-0.4000000000000006)
(-1,-2):(33.8,10.0)
(-2,-2):(26.999999999999996,10.0)
(-3,-2):(16.999999999999996,10.0)
(-3,-1):(16.999999999999996,16.2)
(-4,-1):(10.199999999999996,16.2)
(-5,-1):(3.399999999999996,16.2)
(-6,-1):(-3.400000000000004,16.2)
(-7,-1):(-10.200000000000005,16.2)
(-2,-1):(26.999999999999996,16.2)
(-1,-1):(33.8,16.2)
(0,-1):(40.599999999999994,16.2)
(0,-2):(40.599999999999994,10.0)
(1,-2):(47.39999999999999,10.0)
(1,-3):(47.39999999999999,-0.40000000000000036)
(2,-3):(54.19999999999999,-0.40000000000000036)
(2,-4):(54.19999999999999,-6.6000000000000005)
(3,-4):(60.999999999999986,-6.6000000000000005)
(4,-4):(70.99999999999999,-6.6000000000000005)
(5,-4):(77.79999999999998,-6.6000000000000005)
(5,-5):(77.79999999999998,-12.8)
(6,-5):(84.59999999999998,-12.8)
(7,-5):(91.39999999999998,-12.8)
(8,-5):(98.19999999999997,-12.8)
(8,-6):(98.19999999999997,-19.0)
(9,-6):(104.99999999999997,-19.0)
(10,-6):(114.99999999999997,-19.0)
(11,-6):(121.79999999999997,-19.0)
(12,-6):(128.59999999999997,-19.0)
(13,-6):(135.39999999999998,-19.0)
(14,-6):(142.2,-19.0)
(15,-6):(149.0,-19.0)
(15,-5):(149.0,-12.8)
(14,-5):(142.2,-12.8)
(13,-5):(135.39999999999998,-12.8)
(12,-5):(128.59999999999997,-12.8)
(11,-5):(121.79999999999997,-12.8)
(10,-5):(114.99999999999997,-12.8)
(9,-5):(104.99999999999997,-12.8)
(9,-4):(104.99999999999997,-6.6000000000000005)
(8,-4):(98.19999999999997,-6.6000000000000005)
(7,-4):(91.39999999999998,-6.6000000000000005)
(6,-4):(84.59999999999998,-6.6000000000000005)
(6,-3):(84.59999999999998,-0.4000000000000006)
(5,-3):(77.79999999999998,-0.4000000000000006)
(4,-3):(70.99999999999999,-0.4000000000000006)
(3,-3):(60.999999999999986,-0.4000000000000006)
(3,-2):(60.999999999999986,10.0)
(2,-2):(54.19999999999999,10.0)
(2,-1):(54.19999999999999,16.2)
(1,-1):(47.39999999999999,16.2)
(1,0):(47.39999999999999,22.4)
(2,0):(54.19999999999999,22.4)
(3,0):(60.999999999999986,22.4)
(3,-1):(60.999999999999986,16.2)
(4,-1):(70.99999999999999,16.2)
(4,-2):(70.99999999999999,10.0)
(5,-2):(77.79999999999998,10.0)
(6,-2):(84.59999999999998,10.0)
(7,-2):(91.39999999999998,10.0)
(7,-3):(91.39999999999998,-0.40000000000000036)
(8,-3):(98.19999999999997,-0.40000000000000036)
(9,-3):(104.99999999999997,-0.40000000000000036)
(10,-3):(114.99999999999997,-0.40000000000000036)
(10,-4):(114.99999999999997,-6.6000000000000005)
(11,-4):(121.79999999999997,-6.6000000000000005)
(12,-4):(128.59999999999997,-6.6000000000000005)
(13,-4):(135.39999999999998,-6.6000000000000005)
(14,-4):(142.2,-6.6000000000000005)
(15,-4):(149.0,-6.6000000000000005)
(15,-3):(149.0,-0.4000000000000006)
(14,-3):(142.2,-0.4000000000000006)
(13,-3):(135.39999999999998,-0.4000000000000006)
(12,-3):(128.59999999999997,-0.4000000000000006)
(11,-3):(121.79999999999997,-0.4000000000000006)
(11,-2):(121.79999999999997,10.0)
(10,-2):(114.99999999999997,10.0)
(9,-2):(104.99999999999997,10.0)
(8,-2):(98.19999999999997,10.0)
(8,-1):(98.19999999999997,16.2)
(7,-1):(91.39999999999998,16.2)
(6,-1):(84.59999999999998,16.2)
(5,-1):(77.79999999999998,16.2)
(5,0):(77.79999999999998,22.4)
(4,0):(70.99999999999999,22.4)
(4,1):(70.99999999999999,28.599999999999998)
(3,1):(60.999999999999986,28.599999999999998)
(2,1):(54.19999999999999,28.599999999999998)
(1,1):(47.39999999999999,28.599999999999998)
(0,1):(40.599999999999994,28.599999999999998)
(-1,1):(33.8,28.599999999999998)
(-2,1):(26.999999999999996,28.599999999999998)
(-3,1):(16.999999999999996,28.599999999999998)
(-4,1):(10.199999999999996,28.599999999999998)
(-5,1):(3.399999999999996,28.599999999999998)
(-6,1):(-3.400000000000004,28.599999999999998)
(-7,1):(-10.200000000000005,28.599999999999998)
(-8,1):(-17.000000000000004,28.599999999999998)
(-9,1):(-27.000000000000004,28.599999999999998)
(-10,1):(-33.8,28.599999999999998)
(-11,1):(-40.599999999999994,28.599999999999998)
(-12,1):(-47.39999999999999,28.599999999999998)
(-13,1):(-54.19999999999999,28.599999999999998)
(-14,1):(-60.999999999999986,28.599999999999998)
(-15,1):(-70.99999999999999,28.599999999999998)
(-16,1):(-77.79999999999998,28.599999999999998)
(-17,1):(-84.59999999999998,28.599999999999998)
(-18,1):(-91.39999999999998,28.599999999999998)
(-19,1):(-98.19999999999997,28.599999999999998)
(-20,1):(-104.99999999999997,28.599999999999998)
(-21,1):(-114.99999999999997,28.599999999999998)
(-22,1):(-121.79999999999997,28.599999999999998)
(-23,1):(-128.59999999999997,28.599999999999998)
(-24,1):(-135.39999999999998,28.599999999999998)
(-25,1):(-142.2,28.599999999999998)
(-26,1):(-149.0,28.599999999999998)
(-26,2):(-149.0,38.99999999999999)
(-25,2):(-142.2,38.99999999999999)
(-24,2):(-135.39999999999998,38.99999999999999)
(-23,2):(-128.59999999999997,38.99999999999999)
(-22,2):(-121.79999999999997,38.99999999999999)
(-21,2):(-114.99999999999997,38.99999999999999)
(-20,2):(-104.99999999999997,38.99999999999999)
(-19,2):(-98.19999999999997,38.99999999999999)
(-18,2):(-91.39999999999998,38.99999999999999)
(-17,2):(-84.59999999999998,38.99999999999999)
(-16,2):(-77.79999999999998,38.99999999999999)
(-15,2):(-70.99999999999999,38.99999999999999)
(-14,2):(-60.999999999999986,38.99999999999999)
(-13,2):(-54.19999999999999,38.99999999999999)
(-12,2):(-47.39999999999999,38.99999999999999)
(-11,2):(-40.599999999999994,38.99999999999999)
(-10,2):(-33.8,38.99999999999999)
(-9,2):(-26.999999999999996,38.99999999999999)
(-8,2):(-16.999999999999996,38.99999999999999)
(-7,2):(-10.199999999999996,38.99999999999999)
(-6,2):(-3.399999999999996,38.99999999999999)
(-5,2):(3.400000000000004,38.99999999999999)
(-4,2):(10.200000000000005,38.99999999999999)
(-3,2):(17.000000000000004,38.99999999999999)
(-2,2):(27.000000000000004,38.99999999999999)
(-1,2):(33.8,38.99999999999999)
(0,2):(40.599999999999994,38.99999999999999)
(1,2):(47.39999999999999,38.99999999999999)
(2,2):(54.19999999999999,38.99999999999999)
(3,2):(60.999999999999986,38.99999999999999)
(4,2):(70.99999999999999,38.99999999999999)
(5,2):(77.79999999999998,38.99999999999999)
(5,1):(77.79999999999998,28.599999999999994)
(6,1):(84.59999999999998,28.599999999999994)
(6,0):(84.59999999999998,22.399999999999995)
(7,0):(91.39999999999998,22.399999999999995)
(8,0):(98.19999999999997,22.399999999999995)
(9,0):(104.99999999999997,22.399999999999995)
(9,-1):(104.99999999999997,16.199999999999996)
(10,-1):(114.99999999999997,16.199999999999996)
(11,-1):(121.79999999999997,16.199999999999996)
(12,-1):(128.59999999999997,16.199999999999996)
(12,-2):(128.59999999999997,9.999999999999996)
(13,-2):(135.39999999999998,9.999999999999996)
(14,-2):(142.2,9.999999999999996)
(15,-2):(149.0,9.999999999999996)
(15,-1):(149.0,16.199999999999996)
(14,-1):(142.2,16.199999999999996)
(13,-1):(135.39999999999998,16.199999999999996)
(13,0):(135.39999999999998,22.399999999999995)
(12,0):(128.59999999999997,22.399999999999995)
(11,0):(121.79999999999997,22.399999999999995)
(10,0):(114.99999999999997,22.399999999999995)
(10,1):(114.99999999999997,28.599999999999994)
(9,1):(104.99999999999997,28.599999999999994)
(8,1):(98.19999999999997,28.599999999999994)
(7,1):(91.39999999999998,28.599999999999994)
(7,2):(91.39999999999998,38.99999999999999)
(6,2):(84.59999999999998,38.99999999999999)
(6,3):(84.59999999999998,45.199999999999996)
(5,3):(77.79999999999998,45.199999999999996)
(4,3):(70.99999999999999,45.199999999999996)
(3,3):(60.999999999999986,45.199999999999996)
(2,3):(54.19999999999999,45.199999999999996)
(1,3):(47.39999999999999,45.199999999999996)
(0,3):(40.599999999999994,45.199999999999996)
(-1,3):(33.8,45.199999999999996)
(-2,3):(26.999999999999996,45.199999999999996)
(-3,3):(16.999999999999996,45.199999999999996)
(-4,3):(10.199999999999996,45.199999999999996)
(-5,3):(3.399999999999996,45.199999999999996)
(-6,3):(-3.400000000000004,45.199999999999996)
(-7,3):(-10.200000000000005,45.199999999999996)
(-8,3):(-17.000000000000004,45.199999999999996)
(-9,3):(-27.000000000000004,45.199999999999996)
(-10,3):(-33.8,45.199999999999996)
(-11,3):(-40.599999999999994,45.199999999999996)
(-12,3):(-47.39999999999999,45.199999999999996)
(-13,3):(-54.19999999999999,45.199999999999996)
(-14,3):(-60.999999999999986,45.199999999999996)
(-15,3):(-70.99999999999999,45.199999999999996)
(-16,3):(-77.79999999999998,45.199999999999996)
(-17,3):(-84.59999999999998,45.199999999999996)
(-18,3):(-91.39999999999998,45.199999999999996)
(-19,3):(-98.19999999999997,45.199999999999996)
(-20,3):(-104.99999999999997,45.199999999999996)
(-21,3):(-114.99999999999997,45.199999999999996)
(-22,3):(-121.79999999999997,45.199999999999996)
(-23,3):(-128.59999999999997,45.199999999999996)
(-24,3):(-135.39999999999998,45.199999999999996)
(-25,3):(-142.2,45.199999999999996)
(-25,4):(-142.2,51.4)
(-24,4):(-135.39999999999998,51.4)
(-23,4):(-128.59999999999997,51.4)
(-22,4):(-121.79999999999997,51.4)
(-21,4):(-114.99999999999997,51.4)
(-20,4):(-104.99999999999997,51.4)
(-19,4):(-98.19999999999997,51.4)
(-18,4):(-91.39999999999998,51.4)
(-17,4):(-84.59999999999998,51.4)
(-16,4):(-77.79999999999998,51.4)
(-15,4):(-70.99999999999999,51.4)
(-14,4):(-60.999999999999986,51.4)
(-13,4):(-54.19999999999999,51.4)
(-12,4):(-47.39999999999999,51.4)
(-11,4):(-40.599999999999994,51.4)
(-10,4):(-33.8,51.4)
(-9,4):(-26.999999999999996,51.4)
(-8,4):(-16.999999999999996,51.4)
(-7,4):(-10.199999999999996,51.4)
(-6,4):(-3.399999999999996,51.4)
(-5,4):(3.400000000000004,51.4)
(-4,4):(10.200000000000005,51.4)
(-3,4):(17.000000000000004,51.4)
(-2,4):(27.000000000000004,51.4)
(-1,4):(33.8,51.4)
(0,4):(40.599999999999994,51.4)
(1,4):(47.39999999999999,51.4)
(2,4):(54.19999999999999,51.4)
(3,4):(60.999999999999986,51.4)
(4,4):(70.99999999999999,51.4)
(5,4):(77.79999999999998,51.4)
(6,4):(84.59999999999998,51.4)
(7,4):(91.39999999999998,51.4)
(7,3):(91.39999999999998,45.199999999999996)
(8,3):(98.19999999999997,45.199999999999996)
(8,2):(98.19999999999997,38.99999999999999)
(9,2):(104.99999999999997,38.99999999999999)
(10,2):(114.99999999999997,38.99999999999999)
(11,2):(121.79999999999997,38.99999999999999)
(11,1):(121.79999999999997,28.599999999999994)
(12,1):(128.59999999999997,28.599999999999994)
(13,1):(135.39999999999998,28.599999999999994)
(14,1):(142.2,28.599999999999994)
(14,0):(142.2,22.399999999999995)
(14,2):(142.2,38.99999999999999)
(13,2):(135.39999999999998,38.99999999999999)
(12,2):(128.59999999999997,38.99999999999999)
(12,3):(128.59999999999997,45.199999999999996)
(11,3):(121.79999999999997,45.199999999999996)
(10,3):(114.99999999999997,45.199999999999996)
(9,3):(104.99999999999997,45.199999999999996)
(9,4):(104.99999999999997,51.4)
(8,4):(98.19999999999997,51.4)
(8,5):(98.19999999999997,57.6)
(7,5):(91.39999999999998,57.6)
(6,5):(84.59999999999998,57.6)
(5,5):(77.79999999999998,57.6)
(4,5):(70.99999999999999,57.6)
(3,5):(60.999999999999986,57.6)
(2,5):(54.19999999999999,57.6)
(1,5):(47.39999999999999,57.6)
(0,5):(40.599999999999994,57.6)
(-1,5):(33.8,57.6)
(-2,5):(26.999999999999996,57.6)
(-3,5):(16.999999999999996,57.6)
(-4,5):(10.199999999999996,57.6)
(-5,5):(3.399999999999996,57.6)
(-6,5):(-3.400000000000004,57.6)
(-7,5):(-10.200000000000005,57.6)
(-8,5):(-17.000000000000004,57.6)
(-9,5):(-27.000000000000004,57.6)
(-10,5):(-33.8,57.6)
(-11,5):(-40.599999999999994,57.6)
(-12,5):(-47.39999999999999,57.6)
(-13,5):(-54.19999999999999,57.6)
(-14,5):(-60.999999999999986,57.6)
(-15,5):(-70.99999999999999,57.6)
(-16,5):(-77.79999999999998,57.6)
(-17,5):(-84.59999999999998,57.6)
(-18,5):(-91.39999999999998,57.6)
(-19,5):(-98.19999999999997,57.6)
(-20,5):(-104.99999999999997,57.6)
(-21,5):(-114.99999999999997,57.6)
(-22,5):(-121.79999999999997,57.6)
(-23,5):(-128.59999999999997,57.6)
(-24,5):(-135.39999999999998,57.6)
(-25,5):(-142.2,57.6)
(-24,6):(-135.39999999999998,68.0)
(-23,6):(-128.59999999999997,68.0)
(-22,6):(-121.79999999999997,68.0)
(-21,6):(-114.99999999999997,68.0)
(-20,6):(-104.99999999999997,68.0)
(-19,6):(-98.19999999999997,68.0)
(-18,6):(-91.39999999999998,68.0)
(-17,6):(-84.59999999999998,68.0)
(-16,6):(-77.79999999999998,68.0)
(-15,6):(-70.99999999999999,68.0)
(-14,6):(-60.999999999999986,68.0)
(-13,6):(-54.19999999999999,68.0)
(-12,6):(-47.39999999999999,68.0)
(-11,6):(-40.599999999999994,68.0)
(-10,6):(-33.8,68.0)
(-9,6):(-26.999999999999996,68.0)
(-8,6):(-16.999999999999996,68.0)
(-7,6):(-10.199999999999996,68.0)
(-6,6):(-3.399999999999996,68.0)
(-5,6):(3.400000000000004,68.0)
(-4,6):(10.200000000000005,68.0)
(-3,6):(17.000000000000004,68.0)
(-2,6):(27.000000000000004,68.0)
(-1,6):(33.8,68.0)
(0,6):(40.599999999999994,68.0)
(1,6):(47.39999999999999,68.0)
(2,6):(54.19999999999999,68.0)
(3,6):(60.999999999999986,68.0)
(4,6):(70.99999999999999,68.0)
(5,6):(77.79999999999998,68.0)
(6,6):(84.59999999999998,68.0)
(7,6):(91.39999999999998,68.0)
(8,6):(98.19999999999997,68.0)
(9,6):(104.99999999999997,68.0)
(9,5):(104.99999999999997,57.6)
(10,5):(114.99999999999997,57.6)
(10,4):(114.99999999999997,51.4)
(11,4):(121.79999999999997,51.4)
(12,4):(128.59999999999997,51.4)
(13,4):(135.39999999999998,51.4)
(13,3):(135.39999999999998,45.199999999999996)
(14,3):(142.2,45.199999999999996)
(13,5):(135.39999999999998,57.6)
(12,5):(128.59999999999997,57.6)
(11,5):(121.79999999999997,57.6)
(11,6):(121.79999999999997,68.0)
(10,6):(114.99999999999997,68.0)
(10,7):(114.99999999999997,74.2)
(9,7):(104.99999999999997,74.2)
(8,7):(98.19999999999997,74.2)
(7,7):(91.39999999999998,74.2)
(6,7):(84.59999999999998,74.2)
(5,7):(77.79999999999998,74.2)
(4,7):(70.99999999999999,74.2)
(3,7):(60.999999999999986,74.2)
(2,7):(54.19999999999999,74.2)
(1,7):(47.39999999999999,74.2)
(0,7):(40.599999999999994,74.2)
(-1,7):(33.8,74.2)
(-2,7):(26.999999999999996,74.2)
(-3,7):(16.999999999999996,74.2)
(-4,7):(10.199999999999996,74.2)
(-5,7):(3.399999999999996,74.2)
(-6,7):(-3.400000000000004,74.2)
(-7,7):(-10.200000000000005,74.2)
(-8,7):(-17.000000000000004,74.2)
(-9,7):(-27.000000000000004,74.2)
(-10,7):(-33.8,74.2)
(-11,7):(-40.599999999999994,74.2)
(-12,7):(-47.39999999999999,74.2)
(-13,7):(-54.19999999999999,74.2)
(-14,7):(-60.999999999999986,74.2)
(-15,7):(-70.99999999999999,74.2)
(-16,7):(-77.79999999999998,74.2)
(-17,7):(-84.59999999999998,74.2)
(-18,7):(-91.39999999999998,74.2)
(-19,7):(-98.19999999999997,74.2)
(-20,7):(-104.99999999999997,74.2)
(-21,7):(-114.99999999999997,74.2)
(-22,7):(-121.79999999999997,74.2)
(-23,7):(-128.59999999999997,74.2)
(-23,8):(-128.59999999999997,80.4)
(-22,8):(-121.79999999999997,80.4)
(-21,8):(-114.99999999999997,80.4)
(-20,8):(-104.99999999999997,80.4)
(-19,8):(-98.19999999999997,80.4)
(-18,8):(-91.39999999999998,80.4)
(-17,8):(-84.59999999999998,80.4)
(-16,8):(-77.79999999999998,80.4)
(-15,8):(-70.99999999999999,80.4)
(-14,8):(-60.999999999999986,80.4)
(-13,8):(-54.19999999999999,80.4)
(-12,8):(-47.39999999999999,80.4)
(-11,8):(-40.599999999999994,80.4)
(-10,8):(-33.8,80.4)
(-9,8):(-26.999999999999996,80.4)
(-8,8):(-16.999999999999996,80.4)
(-7,8):(-10.199999999999996,80.4)
(-6,8):(-3.399999999999996,80.4)
(-5,8):(3.400000000000004,80.4)
(-4,8):(10.200000000000005,80.4)
(-3,8):(17.000000000000004,80.4)
(-2,8):(27.000000000000004,80.4)
(-1,8):(33.8,80.4)
(0,8):(40.599999999999994,80.4)
(1,8):(47.39999999999999,80.4)
(2,8):(54.19999999999999,80.4)
(3,8):(60.999999999999986,80.4)
(4,8):(70.99999999999999,80.4)
(5,8):(77.79999999999998,80.4)
(6,8):(84.59999999999998,80.4)
(7,8):(91.39999999999998,80.4)
(8,8):(98.19999999999997,80.4)
(9,8):(104.99999999999997,80.4)
(10,8):(114.99999999999997,80.4)
(11,8):(121.79999999999997,80.4)
(11,7):(121.79999999999997,74.2)
(12,7):(128.59999999999997,74.2)
(12,6):(128.59999999999997,68.0)
(11,9):(121.79999999999997,86.60000000000001)
(10,9):(114.99999999999997,86.60000000000001)
(9,9):(104.99999999999997,86.60000000000001)
(8,9):(98.19999999999997,86.60000000000001)
(7,9):(91.39999999999998,86.60000000000001)
(6,9):(84.59999999999998,86.60000000000001)
(5,9):(77.79999999999998,86.60000000000001)
(4,9):(70.99999999999999,86.60000000000001)
(3,9):(60.999999999999986,86.60000000000001)
(2,9):(54.19999999999999,86.60000000000001)
(1,9):(47.39999999999999,86.60000000000001)
(0,9):(40.599999999999994,86.60000000000001)
(-1,9):(33.8,86.60000000000001)
(-2,9):(26.999999999999996,86.60000000000001)
(-3,9):(16.999999999999996,86.60000000000001)
(-4,9):(10.199999999999996,86.60000000000001)
(-5,9):(3.399999999999996,86.60000000000001)
(-6,9):(-3.400000000000004,86.60000000000001)
(-7,9):(-10.200000000000005,86.60000000000001)
(-8,9):(-17.000000000000004,86.60000000000001)
(-9,9):(-27.000000000000004,86.60000000000001)
(-10,9):(-33.8,86.60000000000001)
(-11,9):(-40.599999999999994,86.60000000000001)
(-12,9):(-47.39999999999999,86.60000000000001)
(-13,9):(-54.19999999999999,86.60000000000001)
(-14,9):(-60.999999999999986,86.60000000000001)
(-15,9):(-70.99999999999999,86.60000000000001)
(-16,9):(-77.79999999999998,86.60000000000001)
(-17,9):(-84.59999999999998,86.60000000000001)
(-18,9):(-91.39999999999998,86.60000000000001)
(-19,9):(-98.19999999999997,86.60000000000001)
(-20,9):(-104.99999999999997,86.60000000000001)
(-21,9):(-114.99999999999997,86.60000000000001)
(-22,9):(-121.79999999999997,86.60000000000001)
(-21,10):(-114.99999999999997,97.00000000000001)
(-20,10):(-104.99999999999997,97.00000000000001)
(-19,10):(-98.19999999999997,97.00000000000001)
(-18,10):(-91.39999999999998,97.00000000000001)
(-17,10):(-84.59999999999998,97.00000000000001)
(-16,10):(-77.79999999999998,97.00000000000001)
(-15,10):(-70.99999999999999,97.00000000000001)
(-14,10):(-60.999999999999986,97.00000000000001)
(-13,10):(-54.19999999999999,97.00000000000001)
(-12,10):(-47.39999999999999,97.00000000000001)
(-11,10):(-40.599999999999994,97.00000000000001)
(-10,10):(-33.8,97.00000000000001)
(-9,10):(-26.999999999999996,97.00000000000001)
(-8,10):(-16.999999999999996,97.00000000000001)
(-7,10):(-10.199999999999996,97.00000000000001)
(-6,10):(-3.399999999999996,97.00000000000001)
(-5,10):(3.400000000000004,97.00000000000001)
(-4,10):(10.200000000000005,97.00000000000001)
(-3,10):(17.000000000000004,97.00000000000001)
(-2,10):(27.000000000000004,97.00000000000001)
(-1,10):(33.8,97.00000000000001)
(0,10):(40.599999999999994,97.00000000000001)
(1,10):(47.39999999999999,97.00000000000001)
(2,10):(54.19999999999999,97.00000000000001)
(3,10):(60.999999999999986,97.00000000000001)
(4,10):(70.99999999999999,97.00000000000001)
(5,10):(77.79999999999998,97.00000000000001)
(6,10):(84.59999999999998,97.00000000000001)
(7,10):(91.39999999999998,97.00000000000001)
(8,10):(98.19999999999997,97.00000000000001)
(9,10):(104.99999999999997,97.00000000000001)
(9,11):(104.99999999999997,103.20000000000002)
(8,11):(98.19999999999997,103.20000000000002)
(7,11):(91.39999999999998,103.20000000000002)
(6,11):(84.59999999999998,103.20000000000002)
(5,11):(77.79999999999998,103.20000000000002)
(4,11):(70.99999999999999,103.20000000000002)
(3,11):(60.999999999999986,103.20000000000002)
(2,11):(54.19999999999999,103.20000000000002)
(1,11):(47.39999999999999,103.20000000000002)
(0,11):(40.599999999999994,103.20000000000002)
(-1,11):(33.8,103.20000000000002)
(-2,11):(26.999999999999996,103.20000000000002)
(-3,11):(16.999999999999996,103.20000000000002)
(-4,11):(10.199999999999996,103.20000000000002)
(-5,11):(3.399999999999996,103.20000000000002)
(-6,11):(-3.400000000000004,103.20000000000002)
(-7,11):(-10.200000000000005,103.20000000000002)
(-8,11):(-17.000000000000004,103.20000000000002)
(-9,11):(-27.000000000000004,103.20000000000002)
(-10,11):(-33.8,103.20000000000002)
(-11,11):(-40.599999999999994,103.20000000000002)
(-12,11):(-47.39999999999999,103.20000000000002)
(-13,11):(-54.19999999999999,103.20000000000002)
(-14,11):(-60.999999999999986,103.20000000000002)
(-15,11):(-70.99999999999999,103.20000000000002)
(-16,11):(-77.79999999999998,103.20000000000002)
(-17,11):(-84.59999999999998,103.20000000000002)
(-18,11):(-91.39999999999998,103.20000000000002)
(-19,11):(-98.19999999999997,103.20000000000002)
(-20,11):(-104.99999999999997,103.20000000000002)
(-20,12):(-104.99999999999997,109.40000000000002)
(-19,12):(-98.19999999999997,109.40000000000002)
(-18,12):(-91.39999999999998,109.40000000000002)
(-17,12):(-84.59999999999998,109.40000000000002)
(-16,12):(-77.79999999999998,109.40000000000002)
(-15,12):(-70.99999999999999,109.40000000000002)
(-14,12):(-60.999999999999986,109.40000000000002)
(-13,12):(-54.19999999999999,109.40000000000002)
(-12,12):(-47.39999999999999,109.40000000000002)
(-11,12):(-40.599999999999994,109.40000000000002)
(-10,12):(-33.8,109.40000000000002)
(-9,12):(-26.999999999999996,109.40000000000002)
(-8,12):(-16.999999999999996,109.40000000000002)
(-7,12):(-10.199999999999996,109.40000000000002)
(-6,12):(-3.399999999999996,109.40000000000002)
(-5,12):(3.400000000000004,109.40000000000002)
(-4,12):(10.200000000000005,109.40000000000002)
(-3,12):(17.000000000000004,109.40000000000002)
(-2,12):(27.000000000000004,109.40000000000002)
(-1,12):(33.8,109.40000000000002)
(0,12):(40.599999999999994,109.40000000000002)
(1,12):(47.39999999999999,109.40000000000002)
(2,12):(54.19999999999999,109.40000000000002)
(3,12):(60.999999999999986,109.40000000000002)
(4,12):(70.99999999999999,109.40000000000002)
(5,12):(77.79999999999998,109.40000000000002)
(6,12):(84.59999999999998,109.40000000000002)
(7,12):(91.39999999999998,109.40000000000002)
(8,12):(98.19999999999997,109.40000000000002)
(7,13):(91.39999999999998,115.60000000000002)
(6,13):(84.59999999999998,115.60000000000002)
(5,13):(77.79999999999998,115.60000000000002)
(4,13):(70.99999999999999,115.60000000000002)
(3,13):(60.999999999999986,115.60000000000002)
(2,13):(54.19999999999999,115.60000000000002)
(1,13):(47.39999999999999,115.60000000000002)
(0,13):(40.599999999999994,115.60000000000002)
(-1,13):(33.8,115.60000000000002)
(-2,13):(26.999999999999996,115.60000000000002)
(-3,13):(16.999999999999996,115.60000000000002)
(-4,13):(10.199999999999996,115.60000000000002)
(-5,13):(3.399999999999996,115.60000000000002)
(-6,13):(-3.400000000000004,115.60000000000002)
(-7,13):(-10.200000000000005,115.60000000000002)
(-8,13):(-17.000000000000004,115.60000000000002)
(-9,13):(-27.000000000000004,115.60000000000002)
(-10,13):(-33.8,115.60000000000002)
(-11,13):(-40.599999999999994,115.60000000000002)
(-12,13):(-47.39999999999999,115.60000000000002)
(-13,13):(-54.19999999999999,115.60000000000002)
(-14,13):(-60.999999999999986,115.60000000000002)
(-15,13):(-70.99999999999999,115.60000000000002)
(-16,13):(-77.79999999999998,115.60000000000002)
(-17,13):(-84.59999999999998,115.60000000000002)
(-18,13):(-91.39999999999998,115.60000000000002)
(-19,13):(-98.19999999999997,115.60000000000002)
(-17,14):(-84.59999999999998,126.00000000000003)
(-16,14):(-77.79999999999998,126.00000000000003)
(-15,14):(-70.99999999999999,126.00000000000003)
(-14,14):(-60.999999999999986,126.00000000000003)
(-13,14):(-54.19999999999999,126.00000000000003)
(-12,14):(-47.39999999999999,126.00000000000003)
(-11,14):(-40.599999999999994,126.00000000000003)
(-10,14):(-33.8,126.00000000000003)
(-9,14):(-26.999999999999996,126.00000000000003)
(-8,14):(-16.999999999999996,126.00000000000003)
(-7,14):(-10.199999999999996,126.00000000000003)
(-6,14):(-3.399999999999996,126.00000000000003)
(-5,14):(3.400000000000004,126.00000000000003)
(-4,14):(10.200000000000005,126.00000000000003)
(-3,14):(17.000000000000004,126.00000000000003)
(-2,14):(27.000000000000004,126.00000000000003)
(-1,14):(33.8,126.00000000000003)
(0,14):(40.599999999999994,126.00000000000003)
(1,14):(47.39999999999999,126.00000000000003)
(2,14):(54.19999999999999,126.00000000000003)
(3,14):(60.999999999999986,126.00000000000003)
(4,14):(70.99999999999999,126.00000000000003)
(5,14):(77.79999999999998,126.00000000000003)
(3,15):(60.999999999999986,132.20000000000002)
(2,15):(54.19999999999999,132.20000000000002)
(1,15):(47.39999999999999,132.20000000000002)
(0,15):(40.599999999999994,132.20000000000002)
(-1,15):(33.8,132.20000000000002)
(-2,15):(26.999999999999996,132.20000000000002)
(-3,15):(16.999999999999996,132.20000000000002)
(-4,15):(10.199999999999996,132.20000000000002)
(-5,15):(3.399999999999996,132.20000000000002)
(-6,15):(-3.400000000000004,132.20000000000002)
(-7,15):(-10.200000000000005,132.20000000000002)
(-8,15):(-17.000000000000004,132.20000000000002)
(-9,15):(-27.000000000000004,132.20000000000002)
(-10,15):(-33.8,132.20000000000002)
(-11,15):(-40.599999999999994,132.20000000000002)
(-12,15):(-47.39999999999999,132.20000000000002)
(-13,15):(-54.19999999999999,132.20000000000002)
(-14,15):(-60.999999999999986,132.20000000000002)
(-15,15):(-70.99999999999999,132.20000000000002)
(-14,16):(-60.999999999999986,138.4)
(-13,16):(-54.19999999999999,138.4)
(-12,16):(-47.39999999999999,138.4)
(-11,16):(-40.599999999999994,138.4)
(-10,16):(-33.8,138.4)
(-9,16):(-26.999999999999996,138.4)
(-8,16):(-16.999999999999996,138.4)
(-7,16):(-10.199999999999996,138.4)
(-6,16):(-3.399999999999996,138.4)
(-5,16):(3.400000000000004,138.4)
(-4,16):(10.200000000000005,138.4)
(-3,16):(17.000000000000004,138.4)
(-2,16):(27.000000000000004,138.4)
(-1,16):(33.8,138.4)
(0,16):(40.599999999999994,138.4)
(1,16):(47.39999999999999,138.4)
(2,16):(54.19999999999999,138.4)
(-1,17):(33.8,144.6)
(-2,17):(26.999999999999996,144.6)
(-3,17):(16.999999999999996,144.6)
(-4,17):(10.199999999999996,144.6)
(-5,17):(3.399999999999996,144.6)
(-6,17):(-3.400000000000004,144.6)
(-7,17):(-10.200000000000005,144.6)
(-8,17):(-17.000000000000004,144.6)
(-9,17):(-27.000000000000004,144.6)
(-10,17):(-33.8,144.6)
(-11,17):(-40.599999999999994,144.6)
