(0,0):(12.0,12.0)
(-1,0):(0.0,12.0)
(-2,0):(-15.0,12.0)
(-3,0):(-27.0,12.0)
(-4,0):(-39.0,12.0)
(-5,0):(-54.0,12.0)
(-6,0):(-66.0,12.0)
(-7,0):(-78.0,12.0)
(-8,0):(-93.0,12.0)
(-9,0):(-105.0,12.0)
(-9,-1):(-105.0,0.0)
(-9,-2):(-105.0,-15.0)
(-9,-3):(-105.0,-27.0)
(-8,-3):(-93.0,-27.0)
(-8,-4):(-93.0,-42.0)
(-8,-5):(-93.0,-54.0)
(-7,-5):(-78.0,-54.0)
(-7,-6):(-78.0,-69.0)
(-7,-7):(-78.0,-81.0)
(-6,-7):(-66.0,-81.0)
(-5,-7):(-54.0,-81.0)
(-5,-8):(-54.0,-96.0)
(-4,-8):(-39.0,-96.0)
(-3,-8):(-27.0,-96.0)
(-3,-9):(-27.0,-108.0)
(-2,-9):(-15.0,-108.0)
(-1,-9):(0.0,-108.0)
(0,-9):(12.0,-108.0)
(0,-8):(12.0,-96.0)
(-1,-8):(0.0,-96.0)
(-2,-8):(-15.0,-96.0)
(-2,-7):(-15.0,-81.0)
(-3,-7):(-27.0,-81.0)
(-4,-7):(-39.0,-81.0)
(-4,-6):(-39.0,-69.0)
(-5,-6):(-54.0,-69.0)
(-6,-6):(-66.0,-69.0)
(-6,-5):(-66.0,-54.0)
(-5,-5):(-54.0,-54.0)
(-4,-5):(-39.0,-54.0)
(-3,-5):(-27.0,-54.0)
(-3,-6):(-27.0,-69.0)
(-2,-6):(-15.0,-69.0)
(-1,-6):(0.0,-69.0)
(-1,-7):(0.0,-81.0)
(0,-7):(12.0,-81.0)
(1,-7):(24.0,-81.0)
(1,-8):(24.0,-96.0)
(2,-8):(39.0,-96.0)
(3,-8):(51.0,-96.0)
(3,-7):(51.0,-81.0)
(2,-7):(39.0,-81.0)
(2,-6):(39.0,-69.0)
(1,-6):(24.0,-69.0)
(0,-6):(12.0,-69.0)
(0,-5):(12.0,-54.0)
(-1,-5):(0.0,-54.0)
(-2,-5):(-15.0,-54.0)
(-2,-4):(-15.0,-42.0)
(-3,-4):(-27.0,-42.0)
(-4,-4):(-39.0,-42.0)
(-5,-4):(-54.0,-42.0)
(-6,-4):(-66.0,-42.0)
(-7,-4):(-78.0,-42.0)
(-7,-3):(-78.0,-27.0)
(-6,-3):(-66.0,-27.0)
(-5,-3):(-54.0,-27.0)
(-4,-3):(-39.0,-27.0)
(-3,-3):(-27.0,-27.0)
(-2,-3):(-15.0,-27.0)
(-1,-3):(0.0,-27.0)
(-1,-4):(0.0,-42.0)
(0,-4):(12.0,-42.0)
(1,-4):(24.0,-42.0)
(1,-5):(24.0,-54.0)
(2,-5):(39.0,-54.0)
(3,-5):(51.0,-54.0)
(3,-6):(51.0,-69.0)
(4,-6):(63.0,-69.0)
(4,-7):(63.0,-81.0)
(5,-6):(78.0,-69.0)
(5,-5):(78.0,-54.0)
(4,-5):(63.0,-54.0)
(4,-4):(63.0,-42.0)
(3,-4):(51.0,-42.0)
(2,-4):(39.0,-42.0)
(2,-3):(39.0,-27.0)
(1,-3):(24.0,-27.0)
(0,-3):(12.0,-27.0)
(0,-2):(12.0,-15.0)
(-1,-2):(0.0,-15.0)
(-2,-2):(-15.0,-15.0)
(-3,-2):(-27.0,-15.0)
(-4,-2):(-39.0,-15.0)
(-5,-2):(-54.0,-15.0)
(-6,-2):(-66.0,-15.0)
(-7,-2):(-78.0,-15.0)
(-8,-2):(-93.0,-15.0)
(-8,-1):(-93.0,0.0)
(-7,-1):(-78.0,0.0)
(-6,-1):(-66.0,0.0)
(-5,-1):(-54.0,0.0)
(-4,-1):(-39.0,0.0)
(-3,-1):(-27.0,0.0)
(-2,-1):(-15.0,0.0)
(-1,-1):(0.0,0.0)
(0,-1):(12.0,0.0)
(1,-1):(24.0,0.0)
(1,-2):(24.0,-15.0)
(2,-2):(39.0,-15.0)
(3,-2):(51.0,-15.0)
(3,-3):(51.0,-27.0)
(4,-3):(63.0,-27.0)
(5,-3):(78.0,-27.0)
(5,-4):(78.0,-42.0)
(6,-4):(90.0,-42.0)
(6,-3):(90.0,-27.0)
(6,-2):(90.0,-15.0)
(5,-2):(78.0,-15.0)
(4,-2):(63.0,-15.0)
(4,-1):(63.0,0.0)
(3,-1):(51.0,0.0)
(2,-1):(39.0,0.0)
(2,0):(39.0,12.0)
(1,0):(24.0,12.0)
(1,1):(24.0,27.0)
(0,1):(12.0,27.0)
(-1,1):(0.0,27.0)
(-2,1):(-15.0,27.0)
(-3,1):(-27.0,27.0)
(-4,1):(-39.0,27.0)
(-5,1):(-54.0,27.0)
(-6,1):(-66.0,27.0)
(-7,1):(-78.0,27.0)
(-8,1):(-93.0,27.0)
(-9,1):(-105.0,27.0)
(-8,2):(-93.0,39.0)
(-7,2):(-78.0,39.0)
(-6,2):(-66.0,39.0)
(-5,2):(-54.0,39.0)
(-4,2):(-39.0,39.0)
(-3,2):(-27.0,39.0)
(-2,2):(-15.0,39.0)
(-1,2):(0.0,39.0)
(0,2):(12.0,39.0)
(1,2):(24.0,39.0)
(2,2):(39.0,39.0)
(2,1):(39.0,27.0)
(3,1):(51.0,27.0)
(3,0):(51.0,12.0)
(4,0):(63.0,12.0)
(5,0):(78.0,12.0)
(5,-1):(78.0,0.0)
(6,-1):(90.0,0.0)
(6,0):(90.0,12.0)
(6,1):(90.0,27.0)
(5,1):(78.0,27.0)
(4,1):(63.0,27.0)
(4,2):(63.0,39.0)
(3,2):(51.0,39.0)
(3,3):(51.0,54.0)
(2,3):(39.0,54.0)
(1,3):(24.0,54.0)
(0,3):(12.0,54.0)
(-1,3):(0.0,54.0)
(-2,3):(-15.0,54.0)
(-3,3):(-27.0,54.0)
(-4,3):(-39.0,54.0)
(-5,3):(-54.0,54.0)
(-6,3):(-66.0,54.0)
(-7,3):(-78.0,54.0)
(-8,3):(-93.0,54.0)
(-7,4):(-78.0,66.0)
(-6,4):(-66.0,66.0)
(-5,4):(-54.0,66.0)
(-4,4):(-39.0,66.0)
(-3,4):(-27.0,66.0)
(-2,4):(-15.0,66.0)
(-1,4):(0.0,66.0)
(0,4):(12.0,66.0)
(1,4):(24.0,66.0)
(2,4):(39.0,66.0)
(3,4):(51.0,66.0)
(4,4):(63.0,66.0)
(4,3):(63.0,54.0)
(5,3):(78.0,54.0)
(5,2):(78.0,39.0)
(6,2):(90.0,39.0)
(3,5):(51.0,81.0)
(2,5):(39.0,81.0)
(1,5):(24.0,81.0)
(0,5):(12.0,81.0)
(-1,5):(0.0,81.0)
(-2,5):(-15.0,81.0)
(-3,5):(-27.0,81.0)
(-4,5):(-39.0,81.0)
(-5,5):(-54.0,81.0)
(-6,5):(-66.0,81.0)
(-4,6):(-39.0,93.0)
(-3,6):(-27.0,93.0)
(-2,6):(-15.0,93.0)
(-1,6):(0.0,93.0)
(0,6):(12.0,93.0)
(1,6):(24.0,93.0)
