(0,0):(0.0,0.0)
(-1,0):(-45.0,0.0)
(-2,0):(-80.0,0.0)
(-3,0):(-125.0,0.0)
(-4,0):(-160.0,0.0)
(-4,-1):(-160.0,-45.0)
(-4,-2):(-160.0,-80.0)
(-3,-2):(-125.0,-80.0)
(-3,-3):(-125.0,-125.0)
(-2,-3):(-80.0,-125.0)
(-2,-4):(-80.0,-160.0)
(-1,-4):(-45.0,-160.0)
(0,-4):(0.0,-160.0)
(1,-4):(35.0,-160.0)
(1,-3):(35.0,-125.0)
(0,-3):(0.0,-125.0)
(-1,-3):(-45.0,-125.0)
(-1,-2):(-45.0,-80.0)
(-2,-2):(-80.0,-80.0)
(-2,-1):(-80.0,-45.0)
(-3,-1):(-125.0,-45.0)
(-1,-1):(-45.0,-45.0)
(0,-1):(0.0,-45.0)
(0,-2):(0.0,-80.0)
(1,-2):(35.0,-80.0)
(2,-2):(80.0,-80.0)
(2,-3):(80.0,-125.0)
(3,-3):(115.0,-125.0)
(3,-2):(115.0,-80.0)
(3,-1):(115.0,-45.0)
(2,-1):(80.0,-45.0)
(1,-1):(35.0,-45.0)
(1,0):(35.0,0.0)
(2,0):(80.0,0.0)
(3,0):(115.0,0.0)
(3,1):(115.0,35.0)
(2,1):(80.0,35.0)
(1,1):(35.0,35.0)
(0,1):(0.0,35.0)
(-1,1):(-45.0,35.0)
(-2,1):(-80.0,35.0)
(-3,1):(-125.0,35.0)
(-4,1):(-160.0,35.0)
(-3,2):(-125.0,80.0)
(-2,2):(-80.0,80.0)
(-1,2):(-45.0,80.0)
(0,2):(0.0,80.0)
(1,2):(35.0,80.0)
(2,2):(80.0,80.0)
(3,2):(115.0,80.0)
(2,3):(80.0,115.0)
(1,3):(35.0,115.0)
(0,3):(0.0,115.0)
(-1,3):(-45.0,115.0)
(-2,3):(-80.0,115.0)
(-3,3):(-125.0,115.0)
