(0,0):(-19.0,-32.0)
(-1,0):(-43.0,-32.0)
(-2,0):(-67.0,-32.0)
(-3,0):(-91.0,-32.0)
(-4,0):(-115.0,-32.0)
(-5,0):(-139.0,-32.0)
(-6,0):(-163.0,-32.0)
(-6,-1):(-163.0,-102.0)
(-5,-1):(-139.0,-102.0)
(-4,-1):(-115.0,-102.0)
(-3,-1):(-91.0,-102.0)
(-2,-1):(-67.0,-102.0)
(-1,-1):(-43.0,-102.0)
(0,-1):(-19.0,-102.0)
(1,-1):(5.0,-102.0)
(2,-1):(29.0,-102.0)
(3,-1):(53.0,-102.0)
(4,-1):(77.0,-102.0)
(5,-1):(101.0,-102.0)
(6,-1):(125.0,-102.0)
(6,0):(125.0,-32.0)
(5,0):(101.0,-32.0)
(4,0):(77.0,-32.0)
(3,0):(53.0,-32.0)
(2,0):(29.0,-32.0)
(1,0):(5.0,-32.0)
(1,1):(5.0,38.0)
(0,1):(-19.0,38.0)
(-1,1):(-43.0,38.0)
(-2,1):(-67.0,38.0)
(-3,1):(-91.0,38.0)
(-4,1):(-115.0,38.0)
(-5,1):(-139.0,38.0)
(-6,1):(-163.0,38.0)
(-4,2):(-115.0,108.0)
(-3,2):(-91.0,108.0)
(-2,2):(-67.0,108.0)
(-1,2):(-43.0,108.0)
(0,2):(-19.0,108.0)
(1,2):(5.0,108.0)
(2,2):(29.0,108.0)
(3,2):(53.0,108.0)
(4,2):(77.0,108.0)
(5,2):(101.0,108.0)
(5,1):(101.0,38.0)
(4,1):(77.0,38.0)
(3,1):(53.0,38.0)
(2,1):(29.0,38.0)
(6,1):(125.0,38.0)
(7,0):(149.0,-32.0)
(5,-2):(101.0,-172.0)
(4,-2):(77.0,-172.0)
(3,-2):(53.0,-172.0)
(2,-2):(29.0,-172.0)
(1,-2):(5.0,-172.0)
(0,-2):(-19.0,-172.0)
(-1,-2):(-43.0,-172.0)
(-2,-2):(-67.0,-172.0)
(-3,-2):(-91.0,-172.0)
(-4,-2):(-115.0,-172.0)
